Time,DeviceId,Sensor,Value
1646410155,G,Temperature,23.0049991607666
1646410155,G,Humidity,32.987998962402344
1646410155,G,Pressure,101624.0
1646410155,G,Gas,1738.14794921875
1646410155,G,Accelerometer,0.0
1646410155,G,Light,1433.0
1646410155,G,MIC,3.0
1646410155,G,RSSI,70.0
1646410156,B,Temperature,22.88500022888184
1646410156,B,Humidity,31.934999465942386
1646410156,B,Pressure,101554.0
1646410156,B,Gas,4729.73291015625
1646410156,B,Accelerometer,0.0
1646410156,B,Light,644.0
1646410156,B,MIC,2.0
1646410156,B,RSSI,88.0
1646410156,A,Temperature,22.73500061035156
1646410156,A,Humidity,32.96500015258789
1646410156,A,Pressure,101595.0
1646410156,A,Gas,1036.1240234375
1646410156,A,Accelerometer,0.0
1646410156,A,Light,2176.0
1646410156,A,MIC,3.0
1646410156,A,RSSI,81.0
1646410158,H,Temperature,23.815000534057607
1646410158,H,Humidity,28.42099952697754
1646410158,H,Pressure,101606.0
1646410158,H,Gas,4462.7412109375
1646410158,H,Accelerometer,0.0
1646410158,H,Light,3577.0
1646410158,H,MIC,3.0
1646410158,H,RSSI,79.0
1646410160,D,Temperature,22.13500022888184
1646410160,D,Humidity,33.22999954223633
1646410160,D,Pressure,101623.0
1646410160,D,Gas,2536.322998046875
1646410160,D,Accelerometer,0.0
1646410160,D,Light,134.0
1646410160,D,MIC,3.0
1646410160,D,RSSI,57.0
1646410162,E,Temperature,22.26499938964844
1646410162,E,Humidity,32.715999603271484
1646410162,E,Pressure,101601.0
1646410162,E,Gas,2687.0869140625
1646410162,E,Accelerometer,0.0
1646410162,E,Light,3705.0
1646410162,E,MIC,3.0
1646410162,E,RSSI,61.0
1646410164,F,Temperature,21.854999542236328
1646410164,F,Humidity,32.98099899291992
1646410164,F,Pressure,101640.0
1646410164,F,Gas,706.3759765625
1646410164,F,Accelerometer,0.0
1646410164,F,Light,86.0
1646410164,F,MIC,3.0
1646410164,F,RSSI,79.0
1646410164,C,Temperature,22.88500022888184
1646410164,C,Humidity,33.027999877929695
1646410164,C,Pressure,101615.0
1646410164,C,Gas,1087.9520263671877
1646410164,C,Accelerometer,0.0
1646410164,C,Light,1128.0
1646410164,C,MIC,3.0
1646410164,C,RSSI,75.0
1646410164,G,Temperature,23.0049991607666
1646410164,G,Humidity,33.041000366210945
1646410164,G,Pressure,101622.0
1646410164,G,Gas,1736.470947265625
1646410164,G,Accelerometer,0.0
1646410164,G,Light,1435.0
1646410164,G,MIC,3.0
1646410164,G,RSSI,70.0
1646410166,A,Temperature,22.73500061035156
1646410166,A,Humidity,32.97800064086914
1646410166,A,Pressure,101595.0
1646410166,A,Gas,1033.85400390625
1646410166,A,Accelerometer,0.0
1646410166,A,Light,2177.0
1646410166,A,MIC,3.0
1646410166,A,RSSI,81.0
1646410167,B,Temperature,22.88500022888184
1646410167,B,Humidity,31.952999114990234
1646410167,B,Pressure,101552.0
1646410167,B,Gas,4733.712890625
1646410167,B,Accelerometer,0.0
1646410167,B,Light,642.0
1646410167,B,MIC,2.0
1646410167,B,RSSI,88.0
1646410168,H,Temperature,23.815000534057607
1646410168,H,Humidity,28.44300079345703
1646410168,H,Pressure,101610.0
1646410168,H,Gas,4463.798828125
1646410168,H,Accelerometer,0.0
1646410168,H,Light,3574.0
1646410168,H,MIC,3.0
1646410168,H,RSSI,79.0
1646410170,D,Temperature,22.13500022888184
1646410170,D,Humidity,33.214000701904304
1646410170,D,Pressure,101623.0
1646410170,D,Gas,2557.22509765625
1646410170,D,Accelerometer,0.0
1646410170,D,Light,133.0
1646410170,D,MIC,3.0
1646410170,D,RSSI,57.0
1646410172,F,Temperature,21.854999542236328
1646410172,F,Humidity,32.987998962402344
1646410172,F,Pressure,101642.0
1646410172,F,Gas,715.6589965820312
1646410172,F,Accelerometer,0.0
1646410172,F,Light,86.0
1646410172,F,MIC,3.0
1646410172,F,RSSI,79.0
1646410172,E,Temperature,22.274999618530273
1646410172,E,Humidity,32.69900131225586
1646410172,E,Pressure,101601.0
1646410172,E,Gas,2697.194091796875
1646410172,E,Accelerometer,0.0
1646410172,E,Light,3713.0
1646410172,E,MIC,3.0
1646410172,E,RSSI,61.0
1646410172,C,Temperature,22.895000457763672
1646410172,C,Humidity,33.07199859619141
1646410172,C,Pressure,101615.0
1646410172,C,Gas,1081.8690185546877
1646410172,C,Accelerometer,0.0
1646410172,C,Light,1124.0
1646410172,C,MIC,3.0
1646410172,C,RSSI,75.0
1646410174,G,Temperature,23.01499938964844
1646410174,G,Humidity,33.04199981689453
1646410174,G,Pressure,101624.0
1646410174,G,Gas,1747.81298828125
1646410174,G,Accelerometer,0.0
1646410174,G,Light,1430.0
1646410174,G,MIC,3.0
1646410174,G,RSSI,70.0
1646410176,A,Temperature,22.7450008392334
1646410176,A,Humidity,32.958999633789055
1646410176,A,Pressure,101597.0
1646410176,A,Gas,1026.6409912109377
1646410176,A,Accelerometer,0.0
1646410176,A,Light,2176.0
1646410176,A,MIC,3.0
1646410176,A,RSSI,81.0
1646410177,B,Temperature,22.88500022888184
1646410177,B,Humidity,31.944000244140625
1646410177,B,Pressure,101554.0
1646410177,B,Gas,4737.90380859375
1646410177,B,Accelerometer,0.0
1646410177,B,Light,642.0
1646410177,B,MIC,2.0
1646410177,B,RSSI,84.0
1646410178,H,Temperature,23.82500076293945
1646410178,H,Humidity,28.423999786376953
1646410178,H,Pressure,101608.0
1646410178,H,Gas,4470.56298828125
1646410178,H,Accelerometer,0.0
1646410178,H,Light,3580.0
1646410178,H,MIC,3.0
1646410178,H,RSSI,79.0
1646410180,D,Temperature,22.125
1646410180,D,Humidity,33.24700164794922
1646410180,D,Pressure,101623.0
1646410180,D,Gas,2570.028076171875
1646410180,D,Accelerometer,0.0
1646410180,D,Light,132.0
1646410180,D,MIC,3.0
1646410180,D,RSSI,57.0
1646410182,C,Temperature,22.895000457763672
1646410182,C,Humidity,33.082000732421875
1646410182,C,Pressure,101615.0
1646410182,C,Gas,1080.5849609375
1646410182,C,Accelerometer,0.0
1646410182,C,Light,1121.0
1646410182,C,MIC,3.0
1646410182,C,RSSI,66.0
1646410183,E,Temperature,22.28499984741211
1646410183,E,Humidity,32.692001342773445
1646410183,E,Pressure,101603.0
1646410183,E,Gas,2712.4560546875
1646410183,E,Accelerometer,0.0
1646410183,E,Light,3710.0
1646410183,E,MIC,3.0
1646410183,E,RSSI,61.0
1646410183,F,Temperature,21.854999542236328
1646410183,F,Humidity,32.976001739501946
1646410183,F,Pressure,101643.0
1646410183,F,Gas,719.323974609375
1646410183,F,Accelerometer,0.0
1646410183,F,Light,86.0
1646410183,F,MIC,3.0
1646410183,F,RSSI,77.0
1646410185,G,Temperature,23.01499938964844
1646410185,G,Humidity,33.04399871826172
1646410185,G,Pressure,101626.0
1646410185,G,Gas,1759.1490478515625
1646410185,G,Accelerometer,0.0
1646410185,G,Light,1435.0
1646410185,G,MIC,3.0
1646410185,G,RSSI,70.0
1646410186,B,Temperature,22.88500022888184
1646410186,B,Humidity,31.96500015258789
1646410186,B,Pressure,101552.0
1646410186,B,Gas,4755.15185546875
1646410186,B,Accelerometer,0.0
1646410186,B,Light,645.0
1646410186,B,MIC,2.0
1646410186,B,RSSI,84.0
1646410188,H,Temperature,23.82500076293945
1646410188,H,Humidity,28.441999435424805
1646410188,H,Pressure,101608.0
1646410188,H,Gas,4471.55322265625
1646410188,H,Accelerometer,0.0
1646410188,H,Light,3573.0
1646410188,H,MIC,3.0
1646410188,H,RSSI,94.0
1646410188,A,Temperature,22.7450008392334
1646410188,A,Humidity,32.98199844360352
1646410188,A,Pressure,101595.0
1646410188,A,Gas,1022.0750122070312
1646410188,A,Accelerometer,0.0
1646410188,A,Light,2176.0
1646410188,A,MIC,3.0
1646410188,A,RSSI,81.0
1646410190,D,Temperature,22.13500022888184
1646410190,D,Humidity,33.22900009155273
1646410190,D,Pressure,101623.0
1646410190,D,Gas,2563.070068359375
1646410190,D,Accelerometer,0.0
1646410190,D,Light,131.0
1646410190,D,MIC,3.0
1646410190,D,RSSI,57.0
1646410192,C,Temperature,22.88500022888184
1646410192,C,Humidity,33.10800170898437
1646410192,C,Pressure,101615.0
1646410192,C,Gas,1087.8690185546877
1646410192,C,Accelerometer,0.0
1646410192,C,Light,1121.0
1646410192,C,MIC,3.0
1646410192,C,RSSI,66.0
1646410192,F,Temperature,21.854999542236328
1646410192,F,Humidity,32.970001220703125
1646410192,F,Pressure,101643.0
1646410192,F,Gas,726.3980102539062
1646410192,F,Accelerometer,0.0
1646410192,F,Light,86.0
1646410192,F,MIC,3.0
1646410192,F,RSSI,77.0
1646410192,E,Temperature,22.28499984741211
1646410192,E,Humidity,32.694000244140625
1646410192,E,Pressure,101601.0
1646410192,E,Gas,2723.221923828125
1646410192,E,Accelerometer,0.0
1646410192,E,Light,3707.0
1646410192,E,MIC,3.0
1646410192,E,RSSI,61.0
1646410195,G,Temperature,23.024999618530273
1646410195,G,Humidity,33.04700088500977
1646410195,G,Pressure,101624.0
1646410195,G,Gas,1761.7840576171875
1646410195,G,Accelerometer,0.0
1646410195,G,Light,1439.0
1646410195,G,MIC,3.0
1646410195,G,RSSI,75.0
1646410196,A,Temperature,22.72500038146973
1646410196,A,Humidity,33.040000915527344
1646410196,A,Pressure,101597.0
1646410196,A,Gas,1022.5230102539062
1646410196,A,Accelerometer,0.0
1646410196,A,Light,2169.0
1646410196,A,MIC,3.0
1646410196,A,RSSI,81.0
1646410197,B,Temperature,22.88500022888184
1646410197,B,Humidity,31.95100021362305
1646410197,B,Pressure,101552.0
1646410197,B,Gas,4766.4501953125
1646410197,B,Accelerometer,0.0
1646410197,B,Light,641.0
1646410197,B,MIC,2.0
1646410197,B,RSSI,84.0
1646410198,H,Temperature,23.82500076293945
1646410198,H,Humidity,28.4689998626709
1646410198,H,Pressure,101608.0
1646410198,H,Gas,4480.283203125
1646410198,H,Accelerometer,0.0
1646410198,H,Light,3579.0
1646410198,H,MIC,3.0
1646410198,H,RSSI,94.0
1646410200,D,Temperature,22.125
1646410200,D,Humidity,33.25
1646410200,D,Pressure,101625.0
1646410200,D,Gas,2572.00390625
1646410200,D,Accelerometer,0.0
1646410200,D,Light,131.0
1646410200,D,MIC,3.0
1646410200,D,RSSI,54.0
1646410202,F,Temperature,21.864999771118164
1646410202,F,Humidity,32.97100067138672
1646410202,F,Pressure,101645.0
1646410202,F,Gas,734.7119750976562
1646410202,F,Accelerometer,0.0
1646410202,F,Light,86.0
1646410202,F,MIC,3.0
1646410202,F,RSSI,77.0
1646410202,C,Temperature,22.88500022888184
1646410202,C,Humidity,33.12900161743164
1646410202,C,Pressure,101617.0
1646410202,C,Gas,1120.572998046875
1646410202,C,Accelerometer,0.0
1646410202,C,Light,1121.0
1646410202,C,MIC,3.0
1646410202,C,RSSI,66.0
1646410202,E,Temperature,22.274999618530273
1646410202,E,Humidity,32.691001892089844
1646410202,E,Pressure,101601.0
1646410202,E,Gas,2720.172119140625
1646410202,E,Accelerometer,0.0
1646410202,E,Light,3703.0
1646410202,E,MIC,3.0
1646410202,E,RSSI,61.0
1646410205,G,Temperature,23.01499938964844
1646410205,G,Humidity,33.05199813842773
1646410205,G,Pressure,101624.0
1646410205,G,Gas,1766.7769775390625
1646410205,G,Accelerometer,0.0
1646410205,G,Light,1436.0
1646410205,G,MIC,3.0
1646410205,G,RSSI,75.0
1646410206,A,Temperature,22.73500061035156
1646410206,A,Humidity,32.97900009155273
1646410206,A,Pressure,101595.0
1646410206,A,Gas,1017.97900390625
1646410206,A,Accelerometer,0.0
1646410206,A,Light,2171.0
1646410206,A,MIC,3.0
1646410206,A,RSSI,81.0
1646410209,B,Temperature,22.895000457763672
1646410209,B,Humidity,31.93600082397461
1646410209,B,Pressure,101550.0
1646410209,B,Gas,4779.3369140625
1646410209,B,Accelerometer,0.0
1646410209,B,Light,643.0
1646410209,B,MIC,2.0
1646410209,B,RSSI,84.0
1646410209,H,Temperature,23.834999084472656
1646410209,H,Humidity,28.48900032043457
1646410209,H,Pressure,101608.0
1646410209,H,Gas,4476.43603515625
1646410209,H,Accelerometer,0.0
1646410209,H,Light,3568.0
1646410209,H,MIC,3.0
1646410209,H,RSSI,94.0
1646410210,D,Temperature,22.125
1646410210,D,Humidity,33.24900054931641
1646410210,D,Pressure,101621.0
1646410210,D,Gas,2585.705078125
1646410210,D,Accelerometer,0.0
1646410210,D,Light,131.0
1646410210,D,MIC,3.0
1646410210,D,RSSI,54.0
1646410212,C,Temperature,22.895000457763672
1646410212,C,Humidity,33.12400054931641
1646410212,C,Pressure,101619.0
1646410212,C,Gas,1121.3480224609377
1646410212,C,Accelerometer,0.0
1646410212,C,Light,1118.0
1646410212,C,MIC,3.0
1646410212,C,RSSI,66.0
1646410212,F,Temperature,21.854999542236328
1646410212,F,Humidity,32.97999954223633
1646410212,F,Pressure,101645.0
1646410212,F,Gas,742.583984375
1646410212,F,Accelerometer,0.0
1646410212,F,Light,86.0
1646410212,F,MIC,3.0
1646410212,F,RSSI,77.0
1646410213,E,Temperature,22.28499984741211
1646410213,E,Humidity,32.695999145507805
1646410213,E,Pressure,101601.0
1646410213,E,Gas,2730.179931640625
1646410213,E,Accelerometer,0.0
1646410213,E,Light,3697.0
1646410213,E,MIC,3.0
1646410213,E,RSSI,58.0
1646410215,G,Temperature,23.01499938964844
1646410215,G,Humidity,33.03300094604492
1646410215,G,Pressure,101622.0
1646410215,G,Gas,1775.56201171875
1646410215,G,Accelerometer,0.0
1646410215,G,Light,1436.0
1646410215,G,MIC,3.0
1646410215,G,RSSI,75.0
1646410216,A,Temperature,22.7450008392334
1646410216,A,Humidity,32.970001220703125
1646410216,A,Pressure,101595.0
1646410216,A,Gas,1028.9610595703123
1646410216,A,Accelerometer,0.0
1646410216,A,Light,2179.0
1646410216,A,MIC,3.0
1646410216,A,RSSI,81.0
1646410217,B,Temperature,22.895000457763672
1646410217,B,Humidity,31.96299934387207
1646410217,B,Pressure,101556.0
1646410217,B,Gas,4788.43701171875
1646410217,B,Accelerometer,0.0
1646410217,B,Light,644.0
1646410217,B,MIC,2.0
1646410217,B,RSSI,84.0
1646410218,H,Temperature,23.82500076293945
1646410218,H,Humidity,28.5049991607666
1646410218,H,Pressure,101606.0
1646410218,H,Gas,4473.39111328125
1646410218,H,Accelerometer,0.0
1646410218,H,Light,3584.0
1646410218,H,MIC,3.0
1646410218,H,RSSI,94.0
1646410220,D,Temperature,22.13500022888184
1646410220,D,Humidity,33.24300003051758
1646410220,D,Pressure,101623.0
1646410220,D,Gas,2578.830078125
1646410220,D,Accelerometer,0.0
1646410220,D,Light,132.0
1646410220,D,MIC,3.0
1646410220,D,RSSI,54.0
1646410222,C,Temperature,22.88500022888184
1646410222,C,Humidity,33.13800048828125
1646410222,C,Pressure,101615.0
1646410222,C,Gas,1128.79296875
1646410222,C,Accelerometer,0.0
1646410222,C,Light,1114.0
1646410222,C,MIC,3.0
1646410222,C,RSSI,66.0
1646410222,F,Temperature,21.854999542236328
1646410222,F,Humidity,32.98300170898437
1646410222,F,Pressure,101642.0
1646410222,F,Gas,736.2509765625
1646410222,F,Accelerometer,0.0
1646410222,F,Light,86.0
1646410222,F,MIC,3.0
1646410222,F,RSSI,77.0
1646410223,E,Temperature,22.28499984741211
1646410223,E,Humidity,32.709999084472656
1646410223,E,Pressure,101603.0
1646410223,E,Gas,2747.48388671875
1646410223,E,Accelerometer,0.0
1646410223,E,Light,3697.0
1646410223,E,MIC,3.0
1646410223,E,RSSI,58.0
1646410224,G,Temperature,23.01499938964844
1646410224,G,Humidity,33.054000854492195
1646410224,G,Pressure,101624.0
1646410224,G,Gas,1776.657958984375
1646410224,G,Accelerometer,0.0
1646410224,G,Light,1434.0
1646410224,G,MIC,3.0
1646410224,G,RSSI,75.0
1646410226,A,Temperature,22.7450008392334
1646410226,A,Humidity,32.977001190185554
1646410226,A,Pressure,101597.0
1646410226,A,Gas,1047.947998046875
1646410226,A,Accelerometer,0.0
1646410226,A,Light,2182.0
1646410226,A,MIC,3.0
1646410226,A,RSSI,81.0
1646410228,B,Temperature,22.895000457763672
1646410228,B,Humidity,31.95499992370605
1646410228,B,Pressure,101558.0
1646410228,B,Gas,4801.080078125
1646410228,B,Accelerometer,0.0
1646410228,B,Light,642.0
1646410228,B,MIC,2.0
1646410228,B,RSSI,84.0
1646410228,H,Temperature,23.82500076293945
1646410228,H,Humidity,28.48900032043457
1646410228,H,Pressure,101608.0
1646410228,H,Gas,4486.40576171875
1646410228,H,Accelerometer,0.0
1646410228,H,Light,3587.0
1646410228,H,MIC,3.0
1646410228,H,RSSI,94.0
1646410230,D,Temperature,22.125
1646410230,D,Humidity,33.262001037597656
1646410230,D,Pressure,101625.0
1646410230,D,Gas,2609.236083984375
1646410230,D,Accelerometer,0.0
1646410230,D,Light,131.0
1646410230,D,MIC,3.0
1646410230,D,RSSI,54.0
1646410232,C,Temperature,22.90500068664551
1646410232,C,Humidity,33.075000762939446
1646410232,C,Pressure,101617.0
1646410232,C,Gas,1138.678955078125
1646410232,C,Accelerometer,0.0
1646410232,C,Light,1115.0
1646410232,C,MIC,3.0
1646410232,C,RSSI,79.0
1646410232,F,Temperature,21.854999542236328
1646410232,F,Humidity,32.988998413085945
1646410232,F,Pressure,101643.0
1646410232,F,Gas,748.7449951171875
1646410232,F,Accelerometer,0.0
1646410232,F,Light,86.0
1646410232,F,MIC,3.0
1646410232,F,RSSI,77.0
1646410232,E,Temperature,22.274999618530273
1646410232,E,Humidity,32.72100067138672
1646410232,E,Pressure,101603.0
1646410232,E,Gas,2754.98388671875
1646410232,E,Accelerometer,0.0
1646410232,E,Light,3713.0
1646410232,E,MIC,3.0
1646410232,E,RSSI,58.0
1646410234,G,Temperature,23.0049991607666
1646410234,G,Humidity,33.076000213623054
1646410234,G,Pressure,101622.0
1646410234,G,Gas,1768.0450439453125
1646410234,G,Accelerometer,0.0
1646410234,G,Light,1430.0
1646410234,G,MIC,3.0
1646410234,G,RSSI,75.0
1646410237,B,Temperature,22.895000457763672
1646410237,B,Humidity,31.97400093078613
1646410237,B,Pressure,101552.0
1646410237,B,Gas,4815.5
1646410237,B,Accelerometer,0.0
1646410237,B,Light,644.0
1646410237,B,MIC,2.0
1646410237,B,RSSI,84.0
1646410238,H,Temperature,23.82500076293945
1646410238,H,Humidity,28.493999481201172
1646410238,H,Pressure,101608.0
1646410238,H,Gas,4481.82177734375
1646410238,H,Accelerometer,0.0
1646410238,H,Light,3580.0
1646410238,H,MIC,3.0
1646410238,H,RSSI,89.0
1646410240,D,Temperature,22.114999771118164
1646410240,D,Humidity,33.263999938964844
1646410240,D,Pressure,101623.0
1646410240,D,Gas,2626.638916015625
1646410240,D,Accelerometer,0.0
1646410240,D,Light,132.0
1646410240,D,MIC,3.0
1646410240,D,RSSI,54.0
1646410242,F,Temperature,21.854999542236328
1646410242,F,Humidity,32.988998413085945
1646410242,F,Pressure,101640.0
1646410242,F,Gas,754.4019775390625
1646410242,F,Accelerometer,0.0
1646410242,F,Light,87.0
1646410242,F,MIC,3.0
1646410242,F,RSSI,77.0
1646410242,C,Temperature,22.915000915527344
1646410242,C,Humidity,33.09000015258789
1646410242,C,Pressure,101615.0
1646410242,C,Gas,1150.491943359375
1646410242,C,Accelerometer,0.0
1646410242,C,Light,1112.0
1646410242,C,MIC,3.0
1646410242,C,RSSI,79.0
1646410242,E,Temperature,22.28499984741211
1646410242,E,Humidity,32.691001892089844
1646410242,E,Pressure,101603.0
1646410242,E,Gas,2758.5439453125
1646410242,E,Accelerometer,0.0
1646410242,E,Light,3710.0
1646410242,E,MIC,3.0
1646410242,E,RSSI,58.0
1646410245,G,Temperature,23.0049991607666
1646410245,G,Humidity,33.062000274658196
1646410245,G,Pressure,101624.0
1646410245,G,Gas,1790.2860107421875
1646410245,G,Accelerometer,0.0
1646410245,G,Light,1435.0
1646410245,G,MIC,3.0
1646410245,G,RSSI,75.0
1646410246,A,Temperature,22.73500061035156
1646410246,A,Humidity,32.992000579833984
1646410246,A,Pressure,101595.0
1646410246,A,Gas,1038.0059814453123
1646410246,A,Accelerometer,0.0
1646410246,A,Light,2183.0
1646410246,A,MIC,3.0
1646410246,A,RSSI,81.0
1646410246,B,Temperature,22.90500068664551
1646410246,B,Humidity,31.961000442504893
1646410246,B,Pressure,101556.0
1646410246,B,Gas,4834.0322265625
1646410246,B,Accelerometer,0.0
1646410246,B,Light,646.0
1646410246,B,MIC,2.0
1646410246,B,RSSI,84.0
1646410248,H,Temperature,23.815000534057607
1646410248,H,Humidity,28.53899955749512
1646410248,H,Pressure,101608.0
1646410248,H,Gas,4498.412109375
1646410248,H,Accelerometer,0.0
1646410248,H,Light,3582.0
1646410248,H,MIC,3.0
1646410248,H,RSSI,89.0
1646410250,D,Temperature,22.114999771118164
1646410250,D,Humidity,33.257999420166016
1646410250,D,Pressure,101623.0
1646410250,D,Gas,2619.5869140625
1646410250,D,Accelerometer,0.0
1646410250,D,Light,131.0
1646410250,D,MIC,3.0
1646410250,D,RSSI,54.0
1646410252,F,Temperature,21.854999542236328
1646410252,F,Humidity,32.99900054931641
1646410252,F,Pressure,101642.0
1646410252,F,Gas,750.2890014648438
1646410252,F,Accelerometer,0.0
1646410252,F,Light,87.0
1646410252,F,MIC,3.0
1646410252,F,RSSI,77.0
1646410253,E,Temperature,22.274999618530273
1646410253,E,Humidity,32.720001220703125
1646410253,E,Pressure,101601.0
1646410253,E,Gas,2768.219970703125
1646410253,E,Accelerometer,0.0
1646410253,E,Light,3710.0
1646410253,E,MIC,3.0
1646410253,E,RSSI,58.0
1646410253,C,Temperature,22.915000915527344
1646410253,C,Humidity,33.073001861572266
1646410253,C,Pressure,101617.0
1646410253,C,Gas,1153.60302734375
1646410253,C,Accelerometer,0.0
1646410253,C,Light,1111.0
1646410253,C,MIC,3.0
1646410253,C,RSSI,79.0
1646410254,G,Temperature,23.0049991607666
1646410254,G,Humidity,33.083999633789055
1646410254,G,Pressure,101622.0
1646410254,G,Gas,1814.9029541015625
1646410254,G,Accelerometer,0.0
1646410254,G,Light,1434.0
1646410254,G,MIC,3.0
1646410254,G,RSSI,75.0
1646410256,A,Temperature,22.73500061035156
1646410256,A,Humidity,32.99700164794922
1646410256,A,Pressure,101595.0
1646410256,A,Gas,1043.823974609375
1646410256,A,Accelerometer,0.0
1646410256,A,Light,2178.0
1646410256,A,MIC,3.0
1646410256,A,RSSI,81.0
1646410257,B,Temperature,22.895000457763672
1646410257,B,Humidity,31.97800064086914
1646410257,B,Pressure,101558.0
1646410257,B,Gas,4841.06787109375
1646410257,B,Accelerometer,0.0
1646410257,B,Light,642.0
1646410257,B,MIC,2.0
1646410257,B,RSSI,84.0
1646410258,H,Temperature,23.82500076293945
1646410258,H,Humidity,28.53000068664551
1646410258,H,Pressure,101608.0
1646410258,H,Gas,4510.19677734375
1646410258,H,Accelerometer,0.0
1646410258,H,Light,3577.0
1646410258,H,MIC,3.0
1646410258,H,RSSI,89.0
1646410260,D,Temperature,22.104999542236328
1646410260,D,Humidity,33.30500030517578
1646410260,D,Pressure,101625.0
1646410260,D,Gas,2636.303955078125
1646410260,D,Accelerometer,0.0
1646410260,D,Light,131.0
1646410260,D,MIC,3.0
1646410260,D,RSSI,69.0
1646410262,F,Temperature,21.854999542236328
1646410262,F,Humidity,33.0
1646410262,F,Pressure,101642.0
1646410262,F,Gas,759.1900024414062
1646410262,F,Accelerometer,0.0
1646410262,F,Light,87.0
1646410262,F,MIC,3.0
1646410262,F,RSSI,77.0
1646410262,C,Temperature,22.92499923706055
1646410262,C,Humidity,33.09999847412109
1646410262,C,Pressure,101617.0
1646410262,C,Gas,1151.0899658203125
1646410262,C,Accelerometer,0.0
1646410262,C,Light,1113.0
1646410262,C,MIC,3.0
1646410262,C,RSSI,79.0
1646410263,E,Temperature,22.28499984741211
1646410263,E,Humidity,32.700000762939446
1646410263,E,Pressure,101605.0
1646410263,E,Gas,2780.159912109375
1646410263,E,Accelerometer,0.0
1646410263,E,Light,3703.0
1646410263,E,MIC,3.0
1646410263,E,RSSI,57.0
1646410264,G,Temperature,23.0049991607666
1646410264,G,Humidity,33.06800079345703
1646410264,G,Pressure,101626.0
1646410264,G,Gas,1811.64794921875
1646410264,G,Accelerometer,0.0
1646410264,G,Light,1439.0
1646410264,G,MIC,3.0
1646410264,G,RSSI,75.0
1646410267,A,Temperature,22.7450008392334
1646410267,A,Humidity,32.96900177001953
1646410267,A,Pressure,101597.0
1646410267,A,Gas,1041.47705078125
1646410267,A,Accelerometer,0.0
1646410267,A,Light,2179.0
1646410267,A,MIC,3.0
1646410267,A,RSSI,81.0
1646410267,B,Temperature,22.90500068664551
1646410267,B,Humidity,31.95599937438965
1646410267,B,Pressure,101556.0
1646410267,B,Gas,4846.59814453125
1646410267,B,Accelerometer,0.0
1646410267,B,Light,643.0
1646410267,B,MIC,2.0
1646410267,B,RSSI,84.0
1646410269,H,Temperature,23.82500076293945
1646410269,H,Humidity,28.51300048828125
1646410269,H,Pressure,101608.0
1646410269,H,Gas,4523.5869140625
1646410269,H,Accelerometer,0.0
1646410269,H,Light,3580.0
1646410269,H,MIC,3.0
1646410269,H,RSSI,89.0
1646410270,D,Temperature,22.104999542236328
1646410270,D,Humidity,33.29700088500977
1646410270,D,Pressure,101625.0
1646410270,D,Gas,2657.0458984375
1646410270,D,Accelerometer,0.0
1646410270,D,Light,132.0
1646410270,D,MIC,3.0
1646410270,D,RSSI,69.0
1646410272,F,Temperature,21.854999542236328
1646410272,F,Humidity,33.000999450683594
1646410272,F,Pressure,101640.0
1646410272,F,Gas,756.4829711914062
1646410272,F,Accelerometer,0.0
1646410272,F,Light,87.0
1646410272,F,MIC,3.0
1646410272,F,RSSI,77.0
1646410273,E,Temperature,22.28499984741211
1646410273,E,Humidity,32.687000274658196
1646410273,E,Pressure,101603.0
1646410273,E,Gas,2796.68310546875
1646410273,E,Accelerometer,0.0
1646410273,E,Light,3699.0
1646410273,E,MIC,3.0
1646410273,E,RSSI,57.0
1646410273,C,Temperature,22.92499923706055
1646410273,C,Humidity,33.07899856567383
1646410273,C,Pressure,101615.0
1646410273,C,Gas,1166.9100341796875
1646410273,C,Accelerometer,0.0
1646410273,C,Light,1116.0
1646410273,C,MIC,3.0
1646410273,C,RSSI,79.0
1646410275,G,Temperature,22.9950008392334
1646410275,G,Humidity,33.10499954223633
1646410275,G,Pressure,101622.0
1646410275,G,Gas,1810.3470458984373
1646410275,G,Accelerometer,0.0
1646410275,G,Light,1429.0
1646410275,G,MIC,3.0
1646410275,G,RSSI,75.0
1646410276,A,Temperature,22.7450008392334
1646410276,A,Humidity,32.98099899291992
1646410276,A,Pressure,101595.0
1646410276,A,Gas,1050.1619873046877
1646410276,A,Accelerometer,0.0
1646410276,A,Light,2172.0
1646410276,A,MIC,3.0
1646410276,A,RSSI,81.0
1646410277,B,Temperature,22.90500068664551
1646410277,B,Humidity,31.95100021362305
1646410277,B,Pressure,101556.0
1646410277,B,Gas,4852.14404296875
1646410277,B,Accelerometer,0.0
1646410277,B,Light,644.0
1646410277,B,MIC,2.0
1646410277,B,RSSI,93.0
1646410279,H,Temperature,23.815000534057607
1646410279,H,Humidity,28.53499984741211
1646410279,H,Pressure,101608.0
1646410279,H,Gas,4532.6650390625
1646410279,H,Accelerometer,0.0
1646410279,H,Light,3580.0
1646410279,H,MIC,3.0
1646410279,H,RSSI,89.0
1646410280,D,Temperature,22.104999542236328
1646410280,D,Humidity,33.30199813842773
1646410280,D,Pressure,101625.0
1646410280,D,Gas,2663.89306640625
1646410280,D,Accelerometer,0.0
1646410280,D,Light,131.0
1646410280,D,MIC,3.0
1646410280,D,RSSI,69.0
1646410282,F,Temperature,21.854999542236328
1646410282,F,Humidity,32.99100112915039
1646410282,F,Pressure,101640.0
1646410282,F,Gas,759.0349731445312
1646410282,F,Accelerometer,0.0
1646410282,F,Light,87.0
1646410282,F,MIC,3.0
1646410282,F,RSSI,73.0
1646410283,E,Temperature,22.28499984741211
1646410283,E,Humidity,32.708999633789055
1646410283,E,Pressure,101603.0
1646410283,E,Gas,2816.1240234375
1646410283,E,Accelerometer,0.0
1646410283,E,Light,3699.0
1646410283,E,MIC,3.0
1646410283,E,RSSI,57.0
1646410285,G,Temperature,22.9950008392334
1646410285,G,Humidity,33.10300064086914
1646410285,G,Pressure,101624.0
1646410285,G,Gas,1824.052978515625
1646410285,G,Accelerometer,0.0
1646410285,G,Light,1434.0
1646410285,G,MIC,3.0
1646410285,G,RSSI,75.0
1646410287,C,Temperature,22.934999465942386
1646410287,C,Humidity,33.062999725341804
1646410287,C,Pressure,101617.0
1646410287,C,Gas,1172.2459716796875
1646410287,C,Accelerometer,0.0
1646410287,C,Light,1117.0
1646410287,C,MIC,3.0
1646410287,C,RSSI,88.0
1646410288,B,Temperature,22.90500068664551
1646410288,B,Humidity,31.965999603271484
1646410288,B,Pressure,101554.0
1646410288,B,Gas,4851.3251953125
1646410288,B,Accelerometer,0.0
1646410288,B,Light,642.0
1646410288,B,MIC,2.0
1646410288,B,RSSI,93.0
1646410288,H,Temperature,23.82500076293945
1646410288,H,Humidity,28.50900077819824
1646410288,H,Pressure,101606.0
1646410288,H,Gas,4549.60400390625
1646410288,H,Accelerometer,0.0
1646410288,H,Light,3578.0
1646410288,H,MIC,3.0
1646410288,H,RSSI,89.0
1646410289,A,Temperature,22.7450008392334
1646410289,A,Humidity,32.958999633789055
1646410289,A,Pressure,101595.0
1646410289,A,Gas,1063.7349853515623
1646410289,A,Accelerometer,0.0
1646410289,A,Light,2168.0
1646410289,A,MIC,3.0
1646410289,A,RSSI,81.0
1646410290,D,Temperature,22.09499931335449
1646410290,D,Humidity,33.314998626708984
1646410290,D,Pressure,101623.0
1646410290,D,Gas,2687.639892578125
1646410290,D,Accelerometer,0.0
1646410290,D,Light,130.0
1646410290,D,MIC,3.0
1646410290,D,RSSI,69.0
1646410292,F,Temperature,21.854999542236328
1646410292,F,Humidity,33.016998291015625
1646410292,F,Pressure,101642.0
1646410292,F,Gas,775.9849853515625
1646410292,F,Accelerometer,0.0
1646410292,F,Light,87.0
1646410292,F,MIC,3.0
1646410292,F,RSSI,73.0
1646410293,E,Temperature,22.295000076293945
1646410293,E,Humidity,32.679000854492195
1646410293,E,Pressure,101601.0
1646410293,E,Gas,2829.8349609375
1646410293,E,Accelerometer,0.0
1646410293,E,Light,3697.0
1646410293,E,MIC,3.0
1646410293,E,RSSI,57.0
1646410293,C,Temperature,22.934999465942386
1646410293,C,Humidity,33.04800033569336
1646410293,C,Pressure,101617.0
1646410293,C,Gas,1183.760009765625
1646410293,C,Accelerometer,0.0
1646410293,C,Light,1116.0
1646410293,C,MIC,3.0
1646410293,C,RSSI,88.0
1646410295,G,Temperature,22.9950008392334
1646410295,G,Humidity,33.11600112915039
1646410295,G,Pressure,101622.0
1646410295,G,Gas,1850.60595703125
1646410295,G,Accelerometer,0.0
1646410295,G,Light,1429.0
1646410295,G,MIC,3.0
1646410295,G,RSSI,71.0
1646410296,A,Temperature,22.73500061035156
1646410296,A,Humidity,33.020999908447266
1646410296,A,Pressure,101595.0
1646410296,A,Gas,1061.875
1646410296,A,Accelerometer,0.0
1646410296,A,Light,2176.0
1646410296,A,MIC,3.0
1646410296,A,RSSI,77.0
1646410296,B,Temperature,22.90500068664551
1646410296,B,Humidity,31.976999282836914
1646410296,B,Pressure,101556.0
1646410296,B,Gas,4865.384765625
1646410296,B,Accelerometer,0.0
1646410296,B,Light,643.0
1646410296,B,MIC,2.0
1646410296,B,RSSI,93.0
1646410298,H,Temperature,23.834999084472656
1646410298,H,Humidity,28.500999450683594
1646410298,H,Pressure,101608.0
1646410298,H,Gas,4550.21923828125
1646410298,H,Accelerometer,0.0
1646410298,H,Light,3583.0
1646410298,H,MIC,3.0
1646410298,H,RSSI,89.0
1646410300,D,Temperature,22.084999084472656
1646410300,D,Humidity,33.3489990234375
1646410300,D,Pressure,101623.0
1646410300,D,Gas,2685.8359375
1646410300,D,Accelerometer,0.0
1646410300,D,Light,130.0
1646410300,D,MIC,3.0
1646410300,D,RSSI,54.0
1646410302,F,Temperature,21.854999542236328
1646410302,F,Humidity,33.005001068115234
1646410302,F,Pressure,101642.0
1646410302,F,Gas,787.5590209960938
1646410302,F,Accelerometer,0.0
1646410302,F,Light,87.0
1646410302,F,MIC,3.0
1646410302,F,RSSI,73.0
1646410302,C,Temperature,22.92499923706055
1646410302,C,Humidity,33.041000366210945
1646410302,C,Pressure,101617.0
1646410302,C,Gas,1179.0880126953125
1646410302,C,Accelerometer,0.0
1646410302,C,Light,1116.0
1646410302,C,MIC,3.0
1646410302,C,RSSI,88.0
1646410303,E,Temperature,22.28499984741211
1646410303,E,Humidity,32.714000701904304
1646410303,E,Pressure,101605.0
1646410303,E,Gas,2843.4189453125
1646410303,E,Accelerometer,0.0
1646410303,E,Light,3703.0
1646410303,E,MIC,3.0
1646410303,E,RSSI,57.0
1646410305,G,Temperature,22.9950008392334
1646410305,G,Humidity,33.110000610351555
1646410305,G,Pressure,101622.0
1646410305,G,Gas,1855.8089599609373
1646410305,G,Accelerometer,0.0
1646410305,G,Light,1431.0
1646410305,G,MIC,3.0
1646410305,G,RSSI,71.0
1646410307,B,Temperature,22.895000457763672
1646410307,B,Humidity,31.9950008392334
1646410307,B,Pressure,101558.0
1646410307,B,Gas,4876.1630859375
1646410307,B,Accelerometer,0.0
1646410307,B,Light,646.0
1646410307,B,MIC,2.0
1646410307,B,RSSI,93.0
1646410309,H,Temperature,23.84499931335449
1646410309,H,Humidity,28.47400093078613
1646410309,H,Pressure,101606.0
1646410309,H,Gas,4561.17822265625
1646410309,H,Accelerometer,0.0
1646410309,H,Light,3578.0
1646410309,H,MIC,3.0
1646410309,H,RSSI,89.0
1646410310,D,Temperature,22.084999084472656
1646410310,D,Humidity,33.338001251220696
1646410310,D,Pressure,101625.0
1646410310,D,Gas,2697.702880859375
1646410310,D,Accelerometer,0.0
1646410310,D,Light,129.0
1646410310,D,MIC,3.0
1646410310,D,RSSI,54.0
1646410311,A,Temperature,22.72500038146973
1646410311,A,Humidity,33.05599975585937
1646410311,A,Pressure,101597.0
1646410311,A,Gas,1062.7049560546877
1646410311,A,Accelerometer,0.0
1646410311,A,Light,2165.0
1646410311,A,MIC,3.0
1646410311,A,RSSI,77.0
1646410312,F,Temperature,21.854999542236328
1646410312,F,Humidity,33.01300048828125
1646410312,F,Pressure,101642.0
1646410312,F,Gas,779.2780151367188
1646410312,F,Accelerometer,0.0
1646410312,F,Light,87.0
1646410312,F,MIC,3.0
1646410312,F,RSSI,73.0
1646410312,C,Temperature,22.92499923706055
1646410312,C,Humidity,33.05599975585937
1646410312,C,Pressure,101617.0
1646410312,C,Gas,1190.60205078125
1646410312,C,Accelerometer,0.0
1646410312,C,Light,1115.0
1646410312,C,MIC,3.0
1646410312,C,RSSI,88.0
1646410313,E,Temperature,22.28499984741211
1646410313,E,Humidity,32.71500015258789
1646410313,E,Pressure,101601.0
1646410313,E,Gas,2852.51904296875
1646410313,E,Accelerometer,0.0
1646410313,E,Light,3706.0
1646410313,E,MIC,3.0
1646410313,E,RSSI,79.0
1646410317,A,Temperature,22.7450008392334
1646410317,A,Humidity,33.08700180053711
1646410317,A,Pressure,101597.0
1646410317,A,Gas,1047.654052734375
1646410317,A,Accelerometer,0.0
1646410317,A,Light,2174.0
1646410317,A,MIC,3.0
1646410317,A,RSSI,77.0
1646410317,G,Temperature,22.9950008392334
1646410317,G,Humidity,33.125999450683594
1646410317,G,Pressure,101622.0
1646410317,G,Gas,1863.990966796875
1646410317,G,Accelerometer,0.0
1646410317,G,Light,1432.0
1646410317,G,MIC,3.0
1646410317,G,RSSI,71.0
1646410318,B,Temperature,22.90500068664551
1646410318,B,Humidity,31.979999542236328
1646410318,B,Pressure,101556.0
1646410318,B,Gas,4886.18212890625
1646410318,B,Accelerometer,0.0
1646410318,B,Light,644.0
1646410318,B,MIC,2.0
1646410318,B,RSSI,93.0
1646410319,H,Temperature,23.854999542236328
1646410319,H,Humidity,28.468000411987305
1646410319,H,Pressure,101606.0
1646410319,H,Gas,4580.0048828125
1646410319,H,Accelerometer,0.0
1646410319,H,Light,3583.0
1646410319,H,MIC,2.0
1646410319,H,RSSI,89.0
1646410320,D,Temperature,22.09499931335449
1646410320,D,Humidity,33.319000244140625
1646410320,D,Pressure,101621.0
1646410320,D,Gas,2725.889892578125
1646410320,D,Accelerometer,0.0
1646410320,D,Light,130.0
1646410320,D,MIC,3.0
1646410320,D,RSSI,54.0
1646410322,F,Temperature,21.854999542236328
1646410322,F,Humidity,33.013999938964844
1646410322,F,Pressure,101643.0
1646410322,F,Gas,796.2890014648438
1646410322,F,Accelerometer,0.0
1646410322,F,Light,86.0
1646410322,F,MIC,3.0
1646410322,F,RSSI,73.0
1646410322,C,Temperature,22.92499923706055
1646410322,C,Humidity,33.07199859619141
1646410322,C,Pressure,101615.0
1646410322,C,Gas,1190.97802734375
1646410322,C,Accelerometer,0.0
1646410322,C,Light,1106.0
1646410322,C,MIC,3.0
1646410322,C,RSSI,88.0
1646410323,E,Temperature,22.28499984741211
1646410323,E,Humidity,32.70800018310547
1646410323,E,Pressure,101603.0
1646410323,E,Gas,2856.4609375
1646410323,E,Accelerometer,0.0
1646410323,E,Light,3707.0
1646410323,E,MIC,3.0
1646410323,E,RSSI,79.0
1646410325,G,Temperature,22.9950008392334
1646410325,G,Humidity,33.152999877929695
1646410325,G,Pressure,101624.0
1646410325,G,Gas,1875.27197265625
1646410325,G,Accelerometer,0.0
1646410325,G,Light,1436.0
1646410325,G,MIC,3.0
1646410325,G,RSSI,71.0
1646410327,A,Temperature,22.7549991607666
1646410327,A,Humidity,33.11600112915039
1646410327,A,Pressure,101595.0
1646410327,A,Gas,1066.6080322265623
1646410327,A,Accelerometer,0.0
1646410327,A,Light,2170.0
1646410327,A,MIC,3.0
1646410327,A,RSSI,77.0
1646410328,B,Temperature,22.895000457763672
1646410328,B,Humidity,32.005001068115234
1646410328,B,Pressure,101554.0
1646410328,B,Gas,4888.34619140625
1646410328,B,Accelerometer,0.0
1646410328,B,Light,645.0
1646410328,B,MIC,2.0
1646410328,B,RSSI,89.0
1646410329,H,Temperature,23.854999542236328
1646410329,H,Humidity,28.47200012207031
1646410329,H,Pressure,101608.0
1646410329,H,Gas,4583.3759765625
1646410329,H,Accelerometer,0.0
1646410329,H,Light,3578.0
1646410329,H,MIC,2.0
1646410329,H,RSSI,89.0
1646410330,D,Temperature,22.104999542236328
1646410330,D,Humidity,33.291000366210945
1646410330,D,Pressure,101625.0
1646410330,D,Gas,2747.174072265625
1646410330,D,Accelerometer,0.0
1646410330,D,Light,130.0
1646410330,D,MIC,3.0
1646410330,D,RSSI,54.0
1646410332,C,Temperature,22.915000915527344
1646410332,C,Humidity,33.10499954223633
1646410332,C,Pressure,101615.0
1646410332,C,Gas,1205.5030517578125
1646410332,C,Accelerometer,0.0
1646410332,C,Light,1107.0
1646410332,C,MIC,3.0
1646410332,C,RSSI,84.0
1646410332,F,Temperature,21.854999542236328
1646410332,F,Humidity,33.03200149536133
1646410332,F,Pressure,101642.0
1646410332,F,Gas,808.4450073242188
1646410332,F,Accelerometer,0.0
1646410332,F,Light,85.0
1646410332,F,MIC,3.0
1646410332,F,RSSI,80.0
1646410333,E,Temperature,22.295000076293945
1646410333,E,Humidity,32.69300079345703
1646410333,E,Pressure,101605.0
1646410333,E,Gas,2874.251953125
1646410333,E,Accelerometer,0.0
1646410333,E,Light,3704.0
1646410333,E,MIC,3.0
1646410333,E,RSSI,79.0
1646410334,G,Temperature,22.9950008392334
1646410334,G,Humidity,33.13800048828125
1646410334,G,Pressure,101624.0
1646410334,G,Gas,1880.509033203125
1646410334,G,Accelerometer,0.0
1646410334,G,Light,1433.0
1646410334,G,MIC,3.0
1646410334,G,RSSI,71.0
1646410337,B,Temperature,22.895000457763672
1646410337,B,Humidity,32.018001556396484
1646410337,B,Pressure,101558.0
1646410337,B,Gas,4895.84716796875
1646410337,B,Accelerometer,0.0
1646410337,B,Light,643.0
1646410337,B,MIC,2.0
1646410337,B,RSSI,89.0
1646410339,H,Temperature,23.854999542236328
1646410339,H,Humidity,28.47800064086914
1646410339,H,Pressure,101606.0
1646410339,H,Gas,4590.9150390625
1646410339,H,Accelerometer,0.0
1646410339,H,Light,3583.0
1646410339,H,MIC,2.0
1646410339,H,RSSI,92.0
1646410340,D,Temperature,22.09499931335449
1646410340,D,Humidity,33.34400177001953
1646410340,D,Pressure,101623.0
1646410340,D,Gas,2756.551025390625
1646410340,D,Accelerometer,0.0
1646410340,D,Light,130.0
1646410340,D,MIC,3.0
1646410340,D,RSSI,54.0
1646410343,F,Temperature,21.854999542236328
1646410343,F,Humidity,33.04800033569336
1646410343,F,Pressure,101642.0
1646410343,F,Gas,830.697021484375
1646410343,F,Accelerometer,0.0
1646410343,F,Light,85.0
1646410343,F,MIC,3.0
1646410343,F,RSSI,80.0
1646410343,E,Temperature,22.28499984741211
1646410343,E,Humidity,32.71500015258789
1646410343,E,Pressure,101599.0
1646410343,E,Gas,2895.652099609375
1646410343,E,Accelerometer,0.0
1646410343,E,Light,3707.0
1646410343,E,MIC,3.0
1646410343,E,RSSI,79.0
1646410344,C,Temperature,22.92499923706055
1646410344,C,Humidity,33.08100128173828
1646410344,C,Pressure,101617.0
1646410344,C,Gas,1206.2889404296875
1646410344,C,Accelerometer,0.0
1646410344,C,Light,1101.0
1646410344,C,MIC,3.0
1646410344,C,RSSI,84.0
1646410345,G,Temperature,22.9950008392334
1646410345,G,Humidity,33.141998291015625
1646410345,G,Pressure,101622.0
1646410345,G,Gas,1880.89599609375
1646410345,G,Accelerometer,0.0
1646410345,G,Light,1431.0
1646410345,G,MIC,3.0
1646410345,G,RSSI,74.0
1646410347,A,Temperature,22.76499938964844
1646410347,A,Humidity,33.08700180053711
1646410347,A,Pressure,101599.0
1646410347,A,Gas,1062.279052734375
1646410347,A,Accelerometer,0.0
1646410347,A,Light,2165.0
1646410347,A,MIC,3.0
1646410347,A,RSSI,81.0
1646410348,B,Temperature,22.895000457763672
1646410348,B,Humidity,32.013999938964844
1646410348,B,Pressure,101552.0
1646410348,B,Gas,4907.73193359375
1646410348,B,Accelerometer,0.0
1646410348,B,Light,642.0
1646410348,B,MIC,2.0
1646410348,B,RSSI,89.0
1646410348,H,Temperature,23.834999084472656
1646410348,H,Humidity,28.52400016784668
1646410348,H,Pressure,101608.0
1646410348,H,Gas,4595.830078125
1646410348,H,Accelerometer,0.0
1646410348,H,Light,3583.0
1646410348,H,MIC,2.0
1646410348,H,RSSI,92.0
1646410350,D,Temperature,22.084999084472656
1646410350,D,Humidity,33.35800170898437
1646410350,D,Pressure,101625.0
1646410350,D,Gas,2768.27587890625
1646410350,D,Accelerometer,0.0
1646410350,D,Light,130.0
1646410350,D,MIC,3.0
1646410350,D,RSSI,53.0
1646410352,F,Temperature,21.864999771118164
1646410352,F,Humidity,33.0
1646410352,F,Pressure,101642.0
1646410352,F,Gas,836.1389770507812
1646410352,F,Accelerometer,0.0
1646410352,F,Light,84.0
1646410352,F,MIC,3.0
1646410352,F,RSSI,80.0
1646410353,C,Temperature,22.92499923706055
1646410353,C,Humidity,33.10800170898437
1646410353,C,Pressure,101615.0
1646410353,C,Gas,1199.491943359375
1646410353,C,Accelerometer,0.0
1646410353,C,Light,1102.0
1646410353,C,MIC,3.0
1646410353,C,RSSI,84.0
1646410355,E,Temperature,22.295000076293945
1646410355,E,Humidity,32.73099899291992
1646410355,E,Pressure,101603.0
1646410355,E,Gas,2919.4599609375
1646410355,E,Accelerometer,0.0
1646410355,E,Light,3713.0
1646410355,E,MIC,3.0
1646410355,E,RSSI,79.0
1646410356,G,Temperature,22.9950008392334
1646410356,G,Humidity,33.13100051879883
1646410356,G,Pressure,101624.0
1646410356,G,Gas,1893.9210205078125
1646410356,G,Accelerometer,0.0
1646410356,G,Light,1428.0
1646410356,G,MIC,3.0
1646410356,G,RSSI,74.0
1646410356,A,Temperature,22.76499938964844
1646410356,A,Humidity,33.08599853515625
1646410356,A,Pressure,101601.0
1646410356,A,Gas,1071.0799560546877
1646410356,A,Accelerometer,0.0
1646410356,A,Light,2169.0
1646410356,A,MIC,3.0
1646410356,A,RSSI,81.0
1646410357,B,Temperature,22.88500022888184
1646410357,B,Humidity,32.05199813842773
1646410357,B,Pressure,101552.0
1646410357,B,Gas,4918.05517578125
1646410357,B,Accelerometer,0.0
1646410357,B,Light,644.0
1646410357,B,MIC,2.0
1646410357,B,RSSI,89.0
1646410358,H,Temperature,23.82500076293945
1646410358,H,Humidity,28.53499984741211
1646410358,H,Pressure,101608.0
1646410358,H,Gas,4602.9599609375
1646410358,H,Accelerometer,0.0
1646410358,H,Light,3576.0
1646410358,H,MIC,2.0
1646410358,H,RSSI,92.0
1646410360,D,Temperature,22.09499931335449
1646410360,D,Humidity,33.347999572753906
1646410360,D,Pressure,101623.0
1646410360,D,Gas,2772.0390625
1646410360,D,Accelerometer,0.0
1646410360,D,Light,130.0
1646410360,D,MIC,3.0
1646410360,D,RSSI,53.0
1646410363,E,Temperature,22.28499984741211
1646410363,E,Humidity,32.738998413085945
1646410363,E,Pressure,101599.0
1646410363,E,Gas,2924.81298828125
1646410363,E,Accelerometer,0.0
1646410363,E,Light,3705.0
1646410363,E,MIC,3.0
1646410363,E,RSSI,76.0
1646410363,F,Temperature,21.854999542236328
1646410363,F,Humidity,33.025001525878906
1646410363,F,Pressure,101640.0
1646410363,F,Gas,824.1270141601562
1646410363,F,Accelerometer,0.0
1646410363,F,Light,83.0
1646410363,F,MIC,3.0
1646410363,F,RSSI,80.0
1646410364,C,Temperature,22.92499923706055
1646410364,C,Humidity,33.125999450683594
1646410364,C,Pressure,101617.0
1646410364,C,Gas,1220.6710205078125
1646410364,C,Accelerometer,0.0
1646410364,C,Light,1096.0
1646410364,C,MIC,3.0
1646410364,C,RSSI,84.0
1646410366,G,Temperature,22.9950008392334
1646410366,G,Humidity,33.160999298095696
1646410366,G,Pressure,101626.0
1646410366,G,Gas,1896.6949462890625
1646410366,G,Accelerometer,0.0
1646410366,G,Light,1428.0
1646410366,G,MIC,3.0
1646410366,G,RSSI,74.0
1646410366,A,Temperature,22.7549991607666
1646410366,A,Humidity,33.15399932861328
1646410366,A,Pressure,101595.0
1646410366,A,Gas,1086.967041015625
1646410366,A,Accelerometer,0.0
1646410366,A,Light,2162.0
1646410366,A,MIC,3.0
1646410366,A,RSSI,81.0
1646410367,B,Temperature,22.88500022888184
1646410367,B,Humidity,32.05899810791016
1646410367,B,Pressure,101552.0
1646410367,B,Gas,4940.2529296875
1646410367,B,Accelerometer,0.0
1646410367,B,Light,642.0
1646410367,B,MIC,2.0
1646410367,B,RSSI,89.0
1646410369,H,Temperature,23.815000534057607
1646410369,H,Humidity,28.55599975585937
1646410369,H,Pressure,101606.0
1646410369,H,Gas,4611.833984375
1646410369,H,Accelerometer,0.0
1646410369,H,Light,3578.0
1646410369,H,MIC,2.0
1646410369,H,RSSI,92.0
1646410370,D,Temperature,22.09499931335449
1646410370,D,Humidity,33.34000015258789
1646410370,D,Pressure,101621.0
1646410370,D,Gas,2787.904052734375
1646410370,D,Accelerometer,0.0
1646410370,D,Light,130.0
1646410370,D,MIC,3.0
1646410370,D,RSSI,53.0
1646410373,F,Temperature,21.854999542236328
1646410373,F,Humidity,33.0260009765625
1646410373,F,Pressure,101643.0
1646410373,F,Gas,828.85400390625
1646410373,F,Accelerometer,0.0
1646410373,F,Light,83.0
1646410373,F,MIC,3.0
1646410373,F,RSSI,80.0
1646410373,E,Temperature,22.28499984741211
1646410373,E,Humidity,32.73400115966797
1646410373,E,Pressure,101603.0
1646410373,E,Gas,2945.033935546875
1646410373,E,Accelerometer,0.0
1646410373,E,Light,3702.0
1646410373,E,MIC,3.0
1646410373,E,RSSI,76.0
1646410374,C,Temperature,22.92499923706055
1646410374,C,Humidity,33.169998168945305
1646410374,C,Pressure,101615.0
1646410374,C,Gas,1226.488037109375
1646410374,C,Accelerometer,0.0
1646410374,C,Light,1101.0
1646410374,C,MIC,3.0
1646410374,C,RSSI,84.0
1646410375,G,Temperature,22.98500061035156
1646410375,G,Humidity,33.18600082397461
1646410375,G,Pressure,101624.0
1646410375,G,Gas,1916.83203125
1646410375,G,Accelerometer,0.0
1646410375,G,Light,1424.0
1646410375,G,MIC,3.0
1646410375,G,RSSI,74.0
1646410376,A,Temperature,22.76499938964844
1646410376,A,Humidity,33.222000122070305
1646410376,A,Pressure,101601.0
1646410376,A,Gas,1079.366943359375
1646410376,A,Accelerometer,0.0
1646410376,A,Light,2166.0
1646410376,A,MIC,3.0
1646410376,A,RSSI,81.0
1646410377,B,Temperature,22.88500022888184
1646410377,B,Humidity,32.060001373291016
1646410377,B,Pressure,101554.0
1646410377,B,Gas,4937.4072265625
1646410377,B,Accelerometer,0.0
1646410377,B,Light,642.0
1646410377,B,MIC,2.0
1646410377,B,RSSI,89.0
1646410378,H,Temperature,23.82500076293945
1646410378,H,Humidity,28.54700088500977
1646410378,H,Pressure,101608.0
1646410378,H,Gas,4616.64404296875
1646410378,H,Accelerometer,0.0
1646410378,H,Light,3579.0
1646410378,H,MIC,2.0
1646410378,H,RSSI,92.0
1646410380,D,Temperature,22.09499931335449
1646410380,D,Humidity,33.36600112915039
1646410380,D,Pressure,101623.0
1646410380,D,Gas,2791.258056640625
1646410380,D,Accelerometer,0.0
1646410380,D,Light,130.0
1646410380,D,MIC,3.0
1646410380,D,RSSI,53.0
1646410382,C,Temperature,22.934999465942386
1646410382,C,Humidity,33.139999389648445
1646410382,C,Pressure,101617.0
1646410382,C,Gas,1233.7509765625
1646410382,C,Accelerometer,0.0
1646410382,C,Light,1097.0
1646410382,C,MIC,3.0
1646410382,C,RSSI,87.0
1646410383,E,Temperature,22.26499938964844
1646410383,E,Humidity,32.77000045776367
1646410383,E,Pressure,101603.0
1646410383,E,Gas,2957.177978515625
1646410383,E,Accelerometer,0.0
1646410383,E,Light,3703.0
1646410383,E,MIC,3.0
1646410383,E,RSSI,76.0
1646410384,F,Temperature,21.84499931335449
1646410384,F,Humidity,33.03799819946289
1646410384,F,Pressure,101642.0
1646410384,F,Gas,830.7470092773438
1646410384,F,Accelerometer,0.0
1646410384,F,Light,82.0
1646410384,F,MIC,3.0
1646410384,F,RSSI,78.0
1646410385,G,Temperature,22.9950008392334
1646410385,G,Humidity,33.18600082397461
1646410385,G,Pressure,101622.0
1646410385,G,Gas,1916.572021484375
1646410385,G,Accelerometer,0.0
1646410385,G,Light,1421.0
1646410385,G,MIC,3.0
1646410385,G,RSSI,74.0
1646410387,A,Temperature,22.76499938964844
1646410387,A,Humidity,33.16400146484375
1646410387,A,Pressure,101601.0
1646410387,A,Gas,1088.64404296875
1646410387,A,Accelerometer,0.0
1646410387,A,Light,2160.0
1646410387,A,MIC,3.0
1646410387,A,RSSI,81.0
1646410388,B,Temperature,22.88500022888184
1646410388,B,Humidity,32.05599975585937
1646410388,B,Pressure,101554.0
1646410388,B,Gas,4949.2529296875
1646410388,B,Accelerometer,0.0
1646410388,B,Light,643.0
1646410388,B,MIC,2.0
1646410388,B,RSSI,89.0
1646410388,H,Temperature,23.834999084472656
1646410388,H,Humidity,28.52799987792969
1646410388,H,Pressure,101606.0
1646410388,H,Gas,4623.037109375
1646410388,H,Accelerometer,0.0
1646410388,H,Light,3575.0
1646410388,H,MIC,2.0
1646410388,H,RSSI,79.0
1646410390,D,Temperature,22.104999542236328
1646410390,D,Humidity,33.334999084472656
1646410390,D,Pressure,101621.0
1646410390,D,Gas,2815.43701171875
1646410390,D,Accelerometer,0.0
1646410390,D,Light,130.0
1646410390,D,MIC,3.0
1646410390,D,RSSI,53.0
1646410393,F,Temperature,21.84499931335449
1646410393,F,Humidity,33.03300094604492
1646410393,F,Pressure,101642.0
1646410393,F,Gas,829.5789794921875
1646410393,F,Accelerometer,0.0
1646410393,F,Light,81.0
1646410393,F,MIC,3.0
1646410393,F,RSSI,78.0
1646410393,E,Temperature,22.274999618530273
1646410393,E,Humidity,32.75299835205078
1646410393,E,Pressure,101605.0
1646410393,E,Gas,2964.1201171875
1646410393,E,Accelerometer,0.0
1646410393,E,Light,3699.0
1646410393,E,MIC,3.0
1646410393,E,RSSI,76.0
1646410393,C,Temperature,22.92499923706055
1646410393,C,Humidity,33.167999267578125
1646410393,C,Pressure,101615.0
1646410393,C,Gas,1223.8260498046875
1646410393,C,Accelerometer,0.0
1646410393,C,Light,1093.0
1646410393,C,MIC,3.0
1646410393,C,RSSI,87.0
1646410395,G,Temperature,22.98500061035156
1646410395,G,Humidity,33.174999237060554
1646410395,G,Pressure,101622.0
1646410395,G,Gas,1928.3299560546875
1646410395,G,Accelerometer,0.0
1646410395,G,Light,1422.0
1646410395,G,MIC,3.0
1646410395,G,RSSI,74.0
1646410397,A,Temperature,22.76499938964844
1646410397,A,Humidity,33.14400100708008
1646410397,A,Pressure,101601.0
1646410397,A,Gas,1091.93798828125
1646410397,A,Accelerometer,0.0
1646410397,A,Light,2170.0
1646410397,A,MIC,3.0
1646410397,A,RSSI,80.0
1646410399,H,Temperature,23.834999084472656
1646410399,H,Humidity,28.52199935913086
1646410399,H,Pressure,101606.0
1646410399,H,Gas,4637.10302734375
1646410399,H,Accelerometer,0.0
1646410399,H,Light,3569.0
1646410399,H,MIC,2.0
1646410399,H,RSSI,79.0
1646410399,B,Temperature,22.88500022888184
1646410399,B,Humidity,32.06999969482422
1646410399,B,Pressure,101552.0
1646410399,B,Gas,4975.14794921875
1646410399,B,Accelerometer,0.0
1646410399,B,Light,642.0
1646410399,B,MIC,2.0
1646410399,B,RSSI,89.0
1646410400,D,Temperature,22.104999542236328
1646410400,D,Humidity,33.339000701904304
1646410400,D,Pressure,101621.0
1646410400,D,Gas,2812.050048828125
1646410400,D,Accelerometer,0.0
1646410400,D,Light,130.0
1646410400,D,MIC,3.0
1646410400,D,RSSI,53.0
1646410402,F,Temperature,21.854999542236328
1646410402,F,Humidity,33.020999908447266
1646410402,F,Pressure,101643.0
1646410402,F,Gas,835.8670043945312
1646410402,F,Accelerometer,0.0
1646410402,F,Light,80.0
1646410402,F,MIC,3.0
1646410402,F,RSSI,78.0
1646410403,C,Temperature,22.92499923706055
1646410403,C,Humidity,33.154998779296875
1646410403,C,Pressure,101615.0
1646410403,C,Gas,1236.5679931640625
1646410403,C,Accelerometer,0.0
1646410403,C,Light,1093.0
1646410403,C,MIC,3.0
1646410403,C,RSSI,87.0
1646410403,E,Temperature,22.2549991607666
1646410403,E,Humidity,32.78900146484375
1646410403,E,Pressure,101601.0
1646410403,E,Gas,2975.9599609375
1646410403,E,Accelerometer,0.0
1646410403,E,Light,3697.0
1646410403,E,MIC,3.0
1646410403,E,RSSI,76.0
1646410405,G,Temperature,22.9950008392334
1646410405,G,Humidity,33.14500045776367
1646410405,G,Pressure,101624.0
1646410405,G,Gas,1916.550048828125
1646410405,G,Accelerometer,0.0
1646410405,G,Light,1421.0
1646410405,G,MIC,3.0
1646410405,G,RSSI,74.0
1646410406,A,Temperature,22.76499938964844
1646410406,A,Humidity,33.13800048828125
1646410406,A,Pressure,101599.0
1646410406,A,Gas,1103.8389892578123
1646410406,A,Accelerometer,0.0
1646410406,A,Light,2169.0
1646410406,A,MIC,3.0
1646410406,A,RSSI,80.0
1646410407,B,Temperature,22.895000457763672
1646410407,B,Humidity,32.062999725341804
1646410407,B,Pressure,101552.0
1646410407,B,Gas,4986.091796875
1646410407,B,Accelerometer,0.0
1646410407,B,Light,640.0
1646410407,B,MIC,2.0
1646410407,B,RSSI,89.0
1646410409,H,Temperature,23.84499931335449
1646410409,H,Humidity,28.53400039672852
1646410409,H,Pressure,101608.0
1646410409,H,Gas,4647.7919921875
1646410409,H,Accelerometer,0.0
1646410409,H,Light,3571.0
1646410409,H,MIC,2.0
1646410409,H,RSSI,79.0
1646410410,D,Temperature,22.104999542236328
1646410410,D,Humidity,33.347999572753906
1646410410,D,Pressure,101623.0
1646410410,D,Gas,2821.548095703125
1646410410,D,Accelerometer,0.0
1646410410,D,Light,130.0
1646410410,D,MIC,3.0
1646410410,D,RSSI,51.0
1646410413,F,Temperature,21.854999542236328
1646410413,F,Humidity,33.01900100708008
1646410413,F,Pressure,101643.0
1646410413,F,Gas,850.0159912109375
1646410413,F,Accelerometer,0.0
1646410413,F,Light,80.0
1646410413,F,MIC,3.0
1646410413,F,RSSI,78.0
1646410413,E,Temperature,22.26499938964844
1646410413,E,Humidity,32.76599884033203
1646410413,E,Pressure,101605.0
1646410413,E,Gas,2987.19189453125
1646410413,E,Accelerometer,0.0
1646410413,E,Light,3697.0
1646410413,E,MIC,3.0
1646410413,E,RSSI,61.0
1646410414,C,Temperature,22.92499923706055
1646410414,C,Humidity,33.143001556396484
1646410414,C,Pressure,101617.0
1646410414,C,Gas,1231.4320068359375
1646410414,C,Accelerometer,0.0
1646410414,C,Light,1090.0
1646410414,C,MIC,3.0
1646410414,C,RSSI,87.0
1646410415,G,Temperature,22.9950008392334
1646410415,G,Humidity,33.12200164794922
1646410415,G,Pressure,101624.0
1646410415,G,Gas,1919.948974609375
1646410415,G,Accelerometer,0.0
1646410415,G,Light,1422.0
1646410415,G,MIC,3.0
1646410415,G,RSSI,74.0
1646410417,A,Temperature,22.76499938964844
1646410417,A,Humidity,33.148998260498054
1646410417,A,Pressure,101601.0
1646410417,A,Gas,1119.68701171875
1646410417,A,Accelerometer,0.0
1646410417,A,Light,2165.0
1646410417,A,MIC,3.0
1646410417,A,RSSI,80.0
1646410418,B,Temperature,22.895000457763672
1646410418,B,Humidity,32.057998657226555
1646410418,B,Pressure,101552.0
1646410418,B,Gas,4989.330078125
1646410418,B,Accelerometer,0.0
1646410418,B,Light,644.0
1646410418,B,MIC,2.0
1646410418,B,RSSI,89.0
1646410419,H,Temperature,23.854999542236328
1646410419,H,Humidity,28.50900077819824
1646410419,H,Pressure,101606.0
1646410419,H,Gas,4656.0390625
1646410419,H,Accelerometer,0.0
1646410419,H,Light,3573.0
1646410419,H,MIC,2.0
1646410419,H,RSSI,79.0
1646410420,D,Temperature,22.104999542236328
1646410420,D,Humidity,33.333999633789055
1646410420,D,Pressure,101623.0
1646410420,D,Gas,2827.8369140625
1646410420,D,Accelerometer,0.0
1646410420,D,Light,130.0
1646410420,D,MIC,3.0
1646410420,D,RSSI,51.0
1646410422,C,Temperature,22.915000915527344
1646410422,C,Humidity,33.160999298095696
1646410422,C,Pressure,101615.0
1646410422,C,Gas,1227.7889404296875
1646410422,C,Accelerometer,0.0
1646410422,C,Light,1087.0
1646410422,C,MIC,3.0
1646410422,C,RSSI,87.0
1646410423,F,Temperature,21.864999771118164
1646410423,F,Humidity,33.025001525878906
1646410423,F,Pressure,101643.0
1646410423,F,Gas,855.3740234375
1646410423,F,Accelerometer,0.0
1646410423,F,Light,78.0
1646410423,F,MIC,3.0
1646410423,F,RSSI,78.0
1646410423,E,Temperature,22.26499938964844
1646410423,E,Humidity,32.764999389648445
1646410423,E,Pressure,101599.0
1646410423,E,Gas,2997.6259765625
1646410423,E,Accelerometer,0.0
1646410423,E,Light,3704.0
1646410423,E,MIC,3.0
1646410423,E,RSSI,61.0
1646410425,G,Temperature,23.0049991607666
1646410425,G,Humidity,33.110000610351555
1646410425,G,Pressure,101622.0
1646410425,G,Gas,1923.7130126953125
1646410425,G,Accelerometer,0.0
1646410425,G,Light,1424.0
1646410425,G,MIC,3.0
1646410425,G,RSSI,74.0
1646410427,A,Temperature,22.76499938964844
1646410427,A,Humidity,33.150001525878906
1646410427,A,Pressure,101601.0
1646410427,A,Gas,1122.27197265625
1646410427,A,Accelerometer,0.0
1646410427,A,Light,2162.0
1646410427,A,MIC,3.0
1646410427,A,RSSI,80.0
1646410427,B,Temperature,22.90500068664551
1646410427,B,Humidity,32.060001373291016
1646410427,B,Pressure,101558.0
1646410427,B,Gas,5000.505859375
1646410427,B,Accelerometer,0.0
1646410427,B,Light,644.0
1646410427,B,MIC,2.0
1646410427,B,RSSI,87.0
1646410429,H,Temperature,23.854999542236328
1646410429,H,Humidity,28.520999908447266
1646410429,H,Pressure,101604.0
1646410429,H,Gas,4657.60595703125
1646410429,H,Accelerometer,0.0
1646410429,H,Light,3572.0
1646410429,H,MIC,2.0
1646410429,H,RSSI,79.0
1646410431,D,Temperature,22.09499931335449
1646410431,D,Humidity,33.352001190185554
1646410431,D,Pressure,101623.0
1646410431,D,Gas,2858.325927734375
1646410431,D,Accelerometer,0.0
1646410431,D,Light,130.0
1646410431,D,MIC,3.0
1646410431,D,RSSI,51.0
1646410433,F,Temperature,21.864999771118164
1646410433,F,Humidity,33.022998809814446
1646410433,F,Pressure,101643.0
1646410433,F,Gas,867.3699951171875
1646410433,F,Accelerometer,0.0
1646410433,F,Light,77.0
1646410433,F,MIC,3.0
1646410433,F,RSSI,76.0
1646410433,E,Temperature,22.26499938964844
1646410433,E,Humidity,32.78400039672852
1646410433,E,Pressure,101605.0
1646410433,E,Gas,3009.659912109375
1646410433,E,Accelerometer,0.0
1646410433,E,Light,3705.0
1646410433,E,MIC,3.0
1646410433,E,RSSI,61.0
1646410433,C,Temperature,22.90500068664551
1646410433,C,Humidity,33.15999984741211
1646410433,C,Pressure,101617.0
1646410433,C,Gas,1230.490966796875
1646410433,C,Accelerometer,0.0
1646410433,C,Light,1089.0
1646410433,C,MIC,3.0
1646410433,C,RSSI,78.0
1646410436,G,Temperature,22.9950008392334
1646410436,G,Humidity,33.125999450683594
1646410436,G,Pressure,101624.0
1646410436,G,Gas,1916.5450439453125
1646410436,G,Accelerometer,0.0
1646410436,G,Light,1422.0
1646410436,G,MIC,3.0
1646410436,G,RSSI,74.0
1646410437,A,Temperature,22.76499938964844
1646410437,A,Humidity,33.12099838256836
1646410437,A,Pressure,101599.0
1646410437,A,Gas,1133.0389404296875
1646410437,A,Accelerometer,0.0
1646410437,A,Light,2170.0
1646410437,A,MIC,3.0
1646410437,A,RSSI,80.0
1646410437,B,Temperature,22.90500068664551
1646410437,B,Humidity,32.05599975585937
1646410437,B,Pressure,101558.0
1646410437,B,Gas,5010.3369140625
1646410437,B,Accelerometer,0.0
1646410437,B,Light,642.0
1646410437,B,MIC,2.0
1646410437,B,RSSI,87.0
1646410439,H,Temperature,23.84499931335449
1646410439,H,Humidity,28.520000457763672
1646410439,H,Pressure,101606.0
1646410439,H,Gas,4650.43798828125
1646410439,H,Accelerometer,0.0
1646410439,H,Light,3580.0
1646410439,H,MIC,2.0
1646410439,H,RSSI,79.0
1646410441,D,Temperature,22.084999084472656
1646410441,D,Humidity,33.352001190185554
1646410441,D,Pressure,101623.0
1646410441,D,Gas,2863.696044921875
1646410441,D,Accelerometer,0.0
1646410441,D,Light,130.0
1646410441,D,MIC,3.0
1646410441,D,RSSI,51.0
1646410443,C,Temperature,22.90500068664551
1646410443,C,Humidity,33.18399810791016
1646410443,C,Pressure,101615.0
1646410443,C,Gas,1224.157958984375
1646410443,C,Accelerometer,0.0
1646410443,C,Light,1089.0
1646410443,C,MIC,3.0
1646410443,C,RSSI,78.0
1646410443,F,Temperature,21.854999542236328
1646410443,F,Humidity,33.048999786376946
1646410443,F,Pressure,101642.0
1646410443,F,Gas,881.3300170898438
1646410443,F,Accelerometer,0.0
1646410443,F,Light,77.0
1646410443,F,MIC,3.0
1646410443,F,RSSI,76.0
1646410443,E,Temperature,22.26499938964844
1646410443,E,Humidity,32.76300048828125
1646410443,E,Pressure,101603.0
1646410443,E,Gas,3022.818115234375
1646410443,E,Accelerometer,0.0
1646410443,E,Light,3702.0
1646410443,E,MIC,3.0
1646410443,E,RSSI,61.0
1646410445,G,Temperature,22.9950008392334
1646410445,G,Humidity,33.12799835205078
1646410445,G,Pressure,101624.0
1646410445,G,Gas,1899.1300048828125
1646410445,G,Accelerometer,0.0
1646410445,G,Light,1420.0
1646410445,G,MIC,3.0
1646410445,G,RSSI,75.0
1646410449,H,Temperature,23.84499931335449
1646410449,H,Humidity,28.52300071716309
1646410449,H,Pressure,101606.0
1646410449,H,Gas,4651.98193359375
1646410449,H,Accelerometer,0.0
1646410449,H,Light,3580.0
1646410449,H,MIC,2.0
1646410449,H,RSSI,79.0
1646410450,A,Temperature,22.76499938964844
1646410450,A,Humidity,33.15800094604492
1646410450,A,Pressure,101599.0
1646410450,A,Gas,1134.218017578125
1646410450,A,Accelerometer,0.0
1646410450,A,Light,2162.0
1646410450,A,MIC,3.0
1646410450,A,RSSI,80.0
1646410451,D,Temperature,22.084999084472656
1646410451,D,Humidity,33.362998962402344
1646410451,D,Pressure,101621.0
1646410451,D,Gas,2883.85009765625
1646410451,D,Accelerometer,0.0
1646410451,D,Light,130.0
1646410451,D,MIC,3.0
1646410451,D,RSSI,70.0
1646410452,B,Temperature,22.895000457763672
1646410452,B,Humidity,32.062999725341804
1646410452,B,Pressure,101556.0
1646410452,B,Gas,5007.93505859375
1646410452,B,Accelerometer,0.0
1646410452,B,Light,641.0
1646410452,B,MIC,2.0
1646410452,B,RSSI,87.0
1646410453,E,Temperature,22.26499938964844
1646410453,E,Humidity,32.773998260498054
1646410453,E,Pressure,101603.0
1646410453,E,Gas,3024.008056640625
1646410453,E,Accelerometer,0.0
1646410453,E,Light,3704.0
1646410453,E,MIC,3.0
1646410453,E,RSSI,61.0
1646410453,F,Temperature,21.854999542236328
1646410453,F,Humidity,33.04199981689453
1646410453,F,Pressure,101640.0
1646410453,F,Gas,881.8729858398438
1646410453,F,Accelerometer,0.0
1646410453,F,Light,76.0
1646410453,F,MIC,3.0
1646410453,F,RSSI,76.0
1646410453,C,Temperature,22.915000915527344
1646410453,C,Humidity,33.167999267578125
1646410453,C,Pressure,101617.0
1646410453,C,Gas,1230.989013671875
1646410453,C,Accelerometer,0.0
1646410453,C,Light,1096.0
1646410453,C,MIC,3.0
1646410453,C,RSSI,78.0
1646410457,A,Temperature,22.7549991607666
1646410457,A,Humidity,33.161998748779304
1646410457,A,Pressure,101595.0
1646410457,A,Gas,1150.97900390625
1646410457,A,Accelerometer,0.0
1646410457,A,Light,2167.0
1646410457,A,MIC,3.0
1646410457,A,RSSI,80.0
1646410459,G,Temperature,22.9950008392334
1646410459,G,Humidity,33.077999114990234
1646410459,G,Pressure,101624.0
1646410459,G,Gas,1892.0889892578125
1646410459,G,Accelerometer,0.0
1646410459,G,Light,1423.0
1646410459,G,MIC,3.0
1646410459,G,RSSI,75.0
1646410459,B,Temperature,22.90500068664551
1646410459,B,Humidity,32.05899810791016
1646410459,B,Pressure,101556.0
1646410459,B,Gas,5015.9169921875
1646410459,B,Accelerometer,0.0
1646410459,B,Light,644.0
1646410459,B,MIC,2.0
1646410459,B,RSSI,87.0
1646410461,D,Temperature,22.09499931335449
1646410461,D,Humidity,33.36600112915039
1646410461,D,Pressure,101621.0
1646410461,D,Gas,2876.593017578125
1646410461,D,Accelerometer,0.0
1646410461,D,Light,130.0
1646410461,D,MIC,3.0
1646410461,D,RSSI,70.0
1646410461,H,Temperature,23.834999084472656
1646410461,H,Humidity,28.538000106811523
1646410461,H,Pressure,101606.0
1646410461,H,Gas,4660.76708984375
1646410461,H,Accelerometer,0.0
1646410461,H,Light,3580.0
1646410461,H,MIC,2.0
1646410461,H,RSSI,79.0
1646410463,C,Temperature,22.915000915527344
1646410463,C,Humidity,33.178001403808594
1646410463,C,Pressure,101617.0
1646410463,C,Gas,1221.6009521484375
1646410463,C,Accelerometer,0.0
1646410463,C,Light,1087.0
1646410463,C,MIC,3.0
1646410463,C,RSSI,78.0
1646410463,F,Temperature,21.84499931335449
1646410463,F,Humidity,33.064998626708984
1646410463,F,Pressure,101640.0
1646410463,F,Gas,879.3259887695312
1646410463,F,Accelerometer,0.0
1646410463,F,Light,75.0
1646410463,F,MIC,3.0
1646410463,F,RSSI,76.0
1646410463,E,Temperature,22.26499938964844
1646410463,E,Humidity,32.785999298095696
1646410463,E,Pressure,101601.0
1646410463,E,Gas,3032.173095703125
1646410463,E,Accelerometer,0.0
1646410463,E,Light,3704.0
1646410463,E,MIC,3.0
1646410463,E,RSSI,58.0
1646410465,G,Temperature,22.9950008392334
1646410465,G,Humidity,33.10900115966797
1646410465,G,Pressure,101624.0
1646410465,G,Gas,1884.218017578125
1646410465,G,Accelerometer,0.0
1646410465,G,Light,1423.0
1646410465,G,MIC,3.0
1646410465,G,RSSI,75.0
1646410467,A,Temperature,22.76499938964844
1646410467,A,Humidity,33.179000854492195
1646410467,A,Pressure,101599.0
1646410467,A,Gas,1158.97802734375
1646410467,A,Accelerometer,0.0
1646410467,A,Light,2166.0
1646410467,A,MIC,3.0
1646410467,A,RSSI,80.0
1646410467,B,Temperature,22.90500068664551
1646410467,B,Humidity,32.076000213623054
1646410467,B,Pressure,101558.0
1646410467,B,Gas,5011.4111328125
1646410467,B,Accelerometer,0.0
1646410467,B,Light,644.0
1646410467,B,MIC,2.0
1646410467,B,RSSI,87.0
1646410469,H,Temperature,23.84499931335449
1646410469,H,Humidity,28.535999298095703
1646410469,H,Pressure,101608.0
1646410469,H,Gas,4666.26904296875
1646410469,H,Accelerometer,0.0
1646410469,H,Light,3582.0
1646410469,H,MIC,2.0
1646410469,H,RSSI,79.0
1646410471,D,Temperature,22.075000762939453
1646410471,D,Humidity,33.39099884033203
1646410471,D,Pressure,101623.0
1646410471,D,Gas,2887.2041015625
1646410471,D,Accelerometer,0.0
1646410471,D,Light,131.0
1646410471,D,MIC,3.0
1646410471,D,RSSI,70.0
1646410473,F,Temperature,21.854999542236328
1646410473,F,Humidity,33.062000274658196
1646410473,F,Pressure,101642.0
1646410473,F,Gas,860.8599853515625
1646410473,F,Accelerometer,0.0
1646410473,F,Light,74.0
1646410473,F,MIC,3.0
1646410473,F,RSSI,76.0
1646410473,C,Temperature,22.915000915527344
1646410473,C,Humidity,33.152999877929695
1646410473,C,Pressure,101617.0
1646410473,C,Gas,1221.5009765625
1646410473,C,Accelerometer,0.0
1646410473,C,Light,1090.0
1646410473,C,MIC,3.0
1646410473,C,RSSI,78.0
1646410473,E,Temperature,22.2549991607666
1646410473,E,Humidity,32.78300094604492
1646410473,E,Pressure,101603.0
1646410473,E,Gas,3040.2490234375
1646410473,E,Accelerometer,0.0
1646410473,E,Light,3698.0
1646410473,E,MIC,3.0
1646410473,E,RSSI,58.0
1646410475,G,Temperature,23.0049991607666
1646410475,G,Humidity,33.13800048828125
1646410475,G,Pressure,101624.0
1646410475,G,Gas,1896.2130126953125
1646410475,G,Accelerometer,0.0
1646410475,G,Light,1423.0
1646410475,G,MIC,3.0
1646410475,G,RSSI,75.0
1646410477,A,Temperature,22.7549991607666
1646410477,A,Humidity,33.178001403808594
1646410477,A,Pressure,101595.0
1646410477,A,Gas,1162.27099609375
1646410477,A,Accelerometer,0.0
1646410477,A,Light,2175.0
1646410477,A,MIC,3.0
1646410477,A,RSSI,80.0
1646410479,H,Temperature,23.84499931335449
1646410479,H,Humidity,28.53199958801269
1646410479,H,Pressure,101606.0
1646410479,H,Gas,4666.18603515625
1646410479,H,Accelerometer,0.0
1646410479,H,Light,3582.0
1646410479,H,MIC,2.0
1646410479,H,RSSI,79.0
1646410479,B,Temperature,22.90500068664551
1646410479,B,Humidity,32.070999145507805
1646410479,B,Pressure,101556.0
1646410479,B,Gas,5019.39892578125
1646410479,B,Accelerometer,0.0
1646410479,B,Light,641.0
1646410479,B,MIC,2.0
1646410479,B,RSSI,84.0
1646410481,D,Temperature,22.075000762939453
1646410481,D,Humidity,33.397998809814446
1646410481,D,Pressure,101623.0
1646410481,D,Gas,2894.279052734375
1646410481,D,Accelerometer,0.0
1646410481,D,Light,131.0
1646410481,D,MIC,3.0
1646410481,D,RSSI,70.0
1646410483,F,Temperature,21.854999542236328
1646410483,F,Humidity,33.062999725341804
1646410483,F,Pressure,101642.0
1646410483,F,Gas,874.843017578125
1646410483,F,Accelerometer,0.0
1646410483,F,Light,73.0
1646410483,F,MIC,3.0
1646410483,F,RSSI,72.0
1646410483,E,Temperature,22.26499938964844
1646410483,E,Humidity,32.78200149536133
1646410483,E,Pressure,101601.0
1646410483,E,Gas,3049.514892578125
1646410483,E,Accelerometer,0.0
1646410483,E,Light,3700.0
1646410483,E,MIC,3.0
1646410483,E,RSSI,58.0
1646410483,C,Temperature,22.915000915527344
1646410483,C,Humidity,33.19300079345703
1646410483,C,Pressure,101617.0
1646410483,C,Gas,1227.8170166015625
1646410483,C,Accelerometer,0.0
1646410483,C,Light,1093.0
1646410483,C,MIC,3.0
1646410483,C,RSSI,77.0
1646410485,G,Temperature,23.0049991607666
1646410485,G,Humidity,33.15399932861328
1646410485,G,Pressure,101624.0
1646410485,G,Gas,1916.10205078125
1646410485,G,Accelerometer,0.0
1646410485,G,Light,1425.0
1646410485,G,MIC,3.0
1646410485,G,RSSI,75.0
1646410487,A,Temperature,22.76499938964844
1646410487,A,Humidity,33.139999389648445
1646410487,A,Pressure,101601.0
1646410487,A,Gas,1170.7960205078125
1646410487,A,Accelerometer,0.0
1646410487,A,Light,2175.0
1646410487,A,MIC,3.0
1646410487,A,RSSI,80.0
1646410487,B,Temperature,22.895000457763672
1646410487,B,Humidity,32.102001190185554
1646410487,B,Pressure,101554.0
1646410487,B,Gas,5027.43603515625
1646410487,B,Accelerometer,0.0
1646410487,B,Light,644.0
1646410487,B,MIC,2.0
1646410487,B,RSSI,84.0
1646410489,H,Temperature,23.854999542236328
1646410489,H,Humidity,28.51799964904785
1646410489,H,Pressure,101606.0
1646410489,H,Gas,4663.2138671875
1646410489,H,Accelerometer,0.0
1646410489,H,Light,3575.0
1646410489,H,MIC,2.0
1646410489,H,RSSI,87.0
1646410491,D,Temperature,22.084999084472656
1646410491,D,Humidity,33.380001068115234
1646410491,D,Pressure,101623.0
1646410491,D,Gas,2889.7900390625
1646410491,D,Accelerometer,0.0
1646410491,D,Light,132.0
1646410491,D,MIC,3.0
1646410491,D,RSSI,70.0
1646410493,C,Temperature,22.915000915527344
1646410493,C,Humidity,33.192001342773445
1646410493,C,Pressure,101617.0
1646410493,C,Gas,1224.8280029296875
1646410493,C,Accelerometer,0.0
1646410493,C,Light,1085.0
1646410493,C,MIC,3.0
1646410493,C,RSSI,77.0
1646410493,E,Temperature,22.274999618530273
1646410493,E,Humidity,32.755001068115234
1646410493,E,Pressure,101603.0
1646410493,E,Gas,3052.9140625
1646410493,E,Accelerometer,0.0
1646410493,E,Light,3701.0
1646410493,E,MIC,3.0
1646410493,E,RSSI,58.0
1646410493,F,Temperature,21.854999542236328
1646410493,F,Humidity,33.08100128173828
1646410493,F,Pressure,101643.0
1646410493,F,Gas,868.947021484375
1646410493,F,Accelerometer,0.0
1646410493,F,Light,72.0
1646410493,F,MIC,3.0
1646410493,F,RSSI,72.0
1646410496,G,Temperature,23.0049991607666
1646410496,G,Humidity,33.134998321533196
1646410496,G,Pressure,101622.0
1646410496,G,Gas,1901.947998046875
1646410496,G,Accelerometer,0.0
1646410496,G,Light,1429.0
1646410496,G,MIC,3.0
1646410496,G,RSSI,71.0
1646410497,A,Temperature,22.7549991607666
1646410497,A,Humidity,33.191001892089844
1646410497,A,Pressure,101595.0
1646410497,A,Gas,1183.5770263671875
1646410497,A,Accelerometer,0.0
1646410497,A,Light,2171.0
1646410497,A,MIC,3.0
1646410497,A,RSSI,78.0
1646410498,B,Temperature,22.895000457763672
1646410498,B,Humidity,32.09000015258789
1646410498,B,Pressure,101552.0
1646410498,B,Gas,5030.82421875
1646410498,B,Accelerometer,0.0
1646410498,B,Light,643.0
1646410498,B,MIC,2.0
1646410498,B,RSSI,84.0
1646410499,H,Temperature,23.854999542236328
1646410499,H,Humidity,28.545000076293945
1646410499,H,Pressure,101610.0
1646410499,H,Gas,4675.10400390625
1646410499,H,Accelerometer,0.0
1646410499,H,Light,3571.0
1646410499,H,MIC,2.0
1646410499,H,RSSI,87.0
1646410501,D,Temperature,22.084999084472656
1646410501,D,Humidity,33.37900161743164
1646410501,D,Pressure,101621.0
1646410501,D,Gas,2913.126953125
1646410501,D,Accelerometer,0.0
1646410501,D,Light,132.0
1646410501,D,MIC,3.0
1646410501,D,RSSI,54.0
1646410503,F,Temperature,21.854999542236328
1646410503,F,Humidity,33.06399917602539
1646410503,F,Pressure,101642.0
1646410503,F,Gas,870.1710205078125
1646410503,F,Accelerometer,0.0
1646410503,F,Light,71.0
1646410503,F,MIC,3.0
1646410503,F,RSSI,72.0
1646410503,C,Temperature,22.92499923706055
1646410503,C,Humidity,33.161998748779304
1646410503,C,Pressure,101619.0
1646410503,C,Gas,1217.52099609375
1646410503,C,Accelerometer,0.0
1646410503,C,Light,1084.0
1646410503,C,MIC,3.0
1646410503,C,RSSI,77.0
1646410503,E,Temperature,22.26499938964844
1646410503,E,Humidity,32.77700042724609
1646410503,E,Pressure,101601.0
1646410503,E,Gas,3063.382080078125
1646410503,E,Accelerometer,0.0
1646410503,E,Light,3705.0
1646410503,E,MIC,3.0
1646410503,E,RSSI,58.0
1646410505,G,Temperature,23.01499938964844
1646410505,G,Humidity,33.10499954223633
1646410505,G,Pressure,101624.0
1646410505,G,Gas,1907.39404296875
1646410505,G,Accelerometer,0.0
1646410505,G,Light,1421.0
1646410505,G,MIC,3.0
1646410505,G,RSSI,71.0
1646410507,A,Temperature,22.76499938964844
1646410507,A,Humidity,33.139999389648445
1646410507,A,Pressure,101599.0
1646410507,A,Gas,1181.0030517578125
1646410507,A,Accelerometer,0.0
1646410507,A,Light,2164.0
1646410507,A,MIC,3.0
1646410507,A,RSSI,78.0
1646410507,B,Temperature,22.90500068664551
1646410507,B,Humidity,32.08700180053711
1646410507,B,Pressure,101558.0
1646410507,B,Gas,5033.9619140625
1646410507,B,Accelerometer,0.0
1646410507,B,Light,641.0
1646410507,B,MIC,2.0
1646410507,B,RSSI,84.0
1646410509,H,Temperature,23.854999542236328
1646410509,H,Humidity,28.520000457763672
1646410509,H,Pressure,101608.0
1646410509,H,Gas,4682.2451171875
1646410509,H,Accelerometer,0.0
1646410509,H,Light,3573.0
1646410509,H,MIC,2.0
1646410509,H,RSSI,87.0
1646410511,D,Temperature,22.075000762939453
1646410511,D,Humidity,33.391998291015625
1646410511,D,Pressure,101623.0
1646410511,D,Gas,2908.405029296875
1646410511,D,Accelerometer,0.0
1646410511,D,Light,133.0
1646410511,D,MIC,3.0
1646410511,D,RSSI,54.0
1646410513,F,Temperature,21.854999542236328
1646410513,F,Humidity,33.07899856567383
1646410513,F,Pressure,101642.0
1646410513,F,Gas,874.5549926757812
1646410513,F,Accelerometer,0.0
1646410513,F,Light,70.0
1646410513,F,MIC,3.0
1646410513,F,RSSI,72.0
1646410513,E,Temperature,22.2549991607666
1646410513,E,Humidity,32.79199981689453
1646410513,E,Pressure,101603.0
1646410513,E,Gas,3072.299072265625
1646410513,E,Accelerometer,0.0
1646410513,E,Light,3705.0
1646410513,E,MIC,3.0
1646410513,E,RSSI,76.0
1646410513,C,Temperature,22.92499923706055
1646410513,C,Humidity,33.18899917602539
1646410513,C,Pressure,101617.0
1646410513,C,Gas,1219.5579833984375
1646410513,C,Accelerometer,0.0
1646410513,C,Light,1084.0
1646410513,C,MIC,3.0
1646410513,C,RSSI,77.0
1646410515,G,Temperature,23.01499938964844
1646410515,G,Humidity,33.12799835205078
1646410515,G,Pressure,101622.0
1646410515,G,Gas,1910.2779541015625
1646410515,G,Accelerometer,0.0
1646410515,G,Light,1429.0
1646410515,G,MIC,3.0
1646410515,G,RSSI,71.0
1646410517,A,Temperature,22.7549991607666
1646410517,A,Humidity,33.16400146484375
1646410517,A,Pressure,101595.0
1646410517,A,Gas,1176.447998046875
1646410517,A,Accelerometer,0.0
1646410517,A,Light,2161.0
1646410517,A,MIC,3.0
1646410517,A,RSSI,78.0
1646410517,B,Temperature,22.90500068664551
1646410517,B,Humidity,32.097000122070305
1646410517,B,Pressure,101556.0
1646410517,B,Gas,5048.9521484375
1646410517,B,Accelerometer,0.0
1646410517,B,Light,644.0
1646410517,B,MIC,2.0
1646410517,B,RSSI,84.0
1646410519,H,Temperature,23.864999771118164
1646410519,H,Humidity,28.50200080871582
1646410519,H,Pressure,101608.0
1646410519,H,Gas,4685.0068359375
1646410519,H,Accelerometer,0.0
1646410519,H,Light,3577.0
1646410519,H,MIC,2.0
1646410519,H,RSSI,87.0
1646410521,D,Temperature,22.084999084472656
1646410521,D,Humidity,33.37200164794922
1646410521,D,Pressure,101621.0
1646410521,D,Gas,2924.8740234375
1646410521,D,Accelerometer,0.0
1646410521,D,Light,133.0
1646410521,D,MIC,3.0
1646410521,D,RSSI,54.0
1646410523,C,Temperature,22.92499923706055
1646410523,C,Humidity,33.178001403808594
1646410523,C,Pressure,101617.0
1646410523,C,Gas,1232.3280029296875
1646410523,C,Accelerometer,0.0
1646410523,C,Light,1085.0
1646410523,C,MIC,3.0
1646410523,C,RSSI,77.0
1646410523,E,Temperature,22.26499938964844
1646410523,E,Humidity,32.77899932861328
1646410523,E,Pressure,101601.0
1646410523,E,Gas,3087.89306640625
1646410523,E,Accelerometer,0.0
1646410523,E,Light,3702.0
1646410523,E,MIC,3.0
1646410523,E,RSSI,76.0
1646410523,F,Temperature,21.84499931335449
1646410523,F,Humidity,33.088001251220696
1646410523,F,Pressure,101642.0
1646410523,F,Gas,882.2490234375
1646410523,F,Accelerometer,0.0
1646410523,F,Light,70.0
1646410523,F,MIC,3.0
1646410523,F,RSSI,72.0
1646410526,G,Temperature,23.01499938964844
1646410526,G,Humidity,33.11100006103516
1646410526,G,Pressure,101622.0
1646410526,G,Gas,1914.6400146484373
1646410526,G,Accelerometer,0.0
1646410526,G,Light,1425.0
1646410526,G,MIC,3.0
1646410526,G,RSSI,71.0
1646410527,A,Temperature,22.7549991607666
1646410527,A,Humidity,33.17200088500977
1646410527,A,Pressure,101595.0
1646410527,A,Gas,1175.9610595703125
1646410527,A,Accelerometer,0.0
1646410527,A,Light,2169.0
1646410527,A,MIC,3.0
1646410527,A,RSSI,78.0
1646410527,B,Temperature,22.90500068664551
1646410527,B,Humidity,32.083999633789055
1646410527,B,Pressure,101556.0
1646410527,B,Gas,5059.35302734375
1646410527,B,Accelerometer,0.0
1646410527,B,Light,643.0
1646410527,B,MIC,2.0
1646410527,B,RSSI,87.0
1646410529,H,Temperature,23.864999771118164
1646410529,H,Humidity,28.51499938964844
1646410529,H,Pressure,101610.0
1646410529,H,Gas,4691.77685546875
1646410529,H,Accelerometer,0.0
1646410529,H,Light,3571.0
1646410529,H,MIC,2.0
1646410529,H,RSSI,87.0
1646410531,D,Temperature,22.084999084472656
1646410531,D,Humidity,33.38399887084961
1646410531,D,Pressure,101623.0
1646410531,D,Gas,2934.300048828125
1646410531,D,Accelerometer,0.0
1646410531,D,Light,134.0
1646410531,D,MIC,3.0
1646410531,D,RSSI,54.0
1646410533,F,Temperature,21.84499931335449
1646410533,F,Humidity,33.07699966430664
1646410533,F,Pressure,101642.0
1646410533,F,Gas,888.8690185546875
1646410533,F,Accelerometer,0.0
1646410533,F,Light,69.0
1646410533,F,MIC,3.0
1646410533,F,RSSI,73.0
1646410533,C,Temperature,22.92499923706055
1646410533,C,Humidity,33.179000854492195
1646410533,C,Pressure,101617.0
1646410533,C,Gas,1236.927978515625
1646410533,C,Accelerometer,0.0
1646410533,C,Light,1085.0
1646410533,C,MIC,3.0
1646410533,C,RSSI,87.0
1646410533,E,Temperature,22.26499938964844
1646410533,E,Humidity,32.77199935913086
1646410533,E,Pressure,101601.0
1646410533,E,Gas,3089.552978515625
1646410533,E,Accelerometer,0.0
1646410533,E,Light,3704.0
1646410533,E,MIC,3.0
1646410533,E,RSSI,76.0
1646410535,G,Temperature,23.01499938964844
1646410535,G,Humidity,33.14099884033203
1646410535,G,Pressure,101622.0
1646410535,G,Gas,1918.488037109375
1646410535,G,Accelerometer,0.0
1646410535,G,Light,1424.0
1646410535,G,MIC,3.0
1646410535,G,RSSI,71.0
1646410537,A,Temperature,22.76499938964844
1646410537,A,Humidity,33.134998321533196
1646410537,A,Pressure,101599.0
1646410537,A,Gas,1179.2650146484375
1646410537,A,Accelerometer,0.0
1646410537,A,Light,2162.0
1646410537,A,MIC,3.0
1646410537,A,RSSI,78.0
1646410537,B,Temperature,22.915000915527344
1646410537,B,Humidity,32.054000854492195
1646410537,B,Pressure,101558.0
1646410537,B,Gas,5062.1328125
1646410537,B,Accelerometer,0.0
1646410537,B,Light,643.0
1646410537,B,MIC,2.0
1646410537,B,RSSI,87.0
1646410541,D,Temperature,22.09499931335449
1646410541,D,Humidity,33.367000579833984
1646410541,D,Pressure,101623.0
1646410541,D,Gas,2937.909912109375
1646410541,D,Accelerometer,0.0
1646410541,D,Light,135.0
1646410541,D,MIC,3.0
1646410541,D,RSSI,54.0
1646410543,F,Temperature,21.854999542236328
1646410543,F,Humidity,33.073001861572266
1646410543,F,Pressure,101642.0
1646410543,F,Gas,895.8109741210938
1646410543,F,Accelerometer,0.0
1646410543,F,Light,68.0
1646410543,F,MIC,3.0
1646410543,F,RSSI,73.0
1646410543,C,Temperature,22.915000915527344
1646410543,C,Humidity,33.19699859619141
1646410543,C,Pressure,101617.0
1646410543,C,Gas,1228.155029296875
1646410543,C,Accelerometer,0.0
1646410543,C,Light,1084.0
1646410543,C,MIC,3.0
1646410543,C,RSSI,87.0
1646410543,E,Temperature,22.274999618530273
1646410543,E,Humidity,32.768001556396484
1646410543,E,Pressure,101603.0
1646410543,E,Gas,3113.97607421875
1646410543,E,Accelerometer,0.0
1646410543,E,Light,3700.0
1646410543,E,MIC,3.0
1646410543,E,RSSI,76.0
1646410545,G,Temperature,23.024999618530273
1646410545,G,Humidity,33.138999938964844
1646410545,G,Pressure,101622.0
1646410545,G,Gas,1925.41796875
1646410545,G,Accelerometer,0.0
1646410545,G,Light,1421.0
1646410545,G,MIC,3.0
1646410545,G,RSSI,74.0
1646410547,A,Temperature,22.76499938964844
1646410547,A,Humidity,33.137001037597656
1646410547,A,Pressure,101599.0
1646410547,A,Gas,1168.2659912109375
1646410547,A,Accelerometer,0.0
1646410547,A,Light,2163.0
1646410547,A,MIC,3.0
1646410547,A,RSSI,78.0
1646410548,B,Temperature,22.92499923706055
1646410548,B,Humidity,32.060001373291016
1646410548,B,Pressure,101556.0
1646410548,B,Gas,5069.626953125
1646410548,B,Accelerometer,0.0
1646410548,B,Light,642.0
1646410548,B,MIC,2.0
1646410548,B,RSSI,87.0
1646410551,D,Temperature,22.09499931335449
1646410551,D,Humidity,33.36100006103516
1646410551,D,Pressure,101623.0
1646410551,D,Gas,2934.083984375
1646410551,D,Accelerometer,0.0
1646410551,D,Light,135.0
1646410551,D,MIC,3.0
1646410551,D,RSSI,54.0
1646410553,E,Temperature,22.274999618530273
1646410553,E,Humidity,32.759998321533196
1646410553,E,Pressure,101603.0
1646410553,E,Gas,3120.972900390625
1646410553,E,Accelerometer,0.0
1646410553,E,Light,3706.0
1646410553,E,MIC,3.0
1646410553,E,RSSI,76.0
1646410554,H,Temperature,23.875
1646410554,H,Humidity,28.496999740600586
1646410554,H,Pressure,101610.0
1646410554,H,Gas,4699.6201171875
1646410554,H,Accelerometer,0.0
1646410554,H,Light,3576.0
1646410554,H,MIC,2.0
1646410554,H,RSSI,90.0
1646410555,F,Temperature,21.854999542236328
1646410555,F,Humidity,33.07199859619141
1646410555,F,Pressure,101642.0
1646410555,F,Gas,897.3720092773438
1646410555,F,Accelerometer,0.0
1646410555,F,Light,68.0
1646410555,F,MIC,3.0
1646410555,F,RSSI,73.0
1646410555,G,Temperature,23.01499938964844
1646410555,G,Humidity,33.15399932861328
1646410555,G,Pressure,101622.0
1646410555,G,Gas,1922.634033203125
1646410555,G,Accelerometer,0.0
1646410555,G,Light,1418.0
1646410555,G,MIC,3.0
1646410555,G,RSSI,74.0
1646410559,B,Temperature,22.915000915527344
1646410559,B,Humidity,32.07400131225586
1646410559,B,Pressure,101554.0
1646410559,B,Gas,5074.244140625
1646410559,B,Accelerometer,0.0
1646410559,B,Light,640.0
1646410559,B,MIC,2.0
1646410559,B,RSSI,87.0
1646410559,H,Temperature,23.88500022888184
1646410559,H,Humidity,28.49600028991699
1646410559,H,Pressure,101610.0
1646410559,H,Gas,4702.77001953125
1646410559,H,Accelerometer,0.0
1646410559,H,Light,3576.0
1646410559,H,MIC,2.0
1646410559,H,RSSI,90.0
1646410559,C,Temperature,22.915000915527344
1646410559,C,Humidity,33.205001831054695
1646410559,C,Pressure,101615.0
1646410559,C,Gas,1230.0419921875
1646410559,C,Accelerometer,0.0
1646410559,C,Light,1088.0
1646410559,C,MIC,3.0
1646410559,C,RSSI,87.0
1646410560,A,Temperature,22.76499938964844
1646410560,A,Humidity,33.13800048828125
1646410560,A,Pressure,101599.0
1646410560,A,Gas,1186.9210205078125
1646410560,A,Accelerometer,0.0
1646410560,A,Light,2174.0
1646410560,A,MIC,3.0
1646410560,A,RSSI,78.0
1646410561,D,Temperature,22.084999084472656
1646410561,D,Humidity,33.37400054931641
1646410561,D,Pressure,101623.0
1646410561,D,Gas,2946.760986328125
1646410561,D,Accelerometer,0.0
1646410561,D,Light,136.0
1646410561,D,MIC,3.0
1646410561,D,RSSI,57.0
1646410563,F,Temperature,21.854999542236328
1646410563,F,Humidity,33.080001831054695
1646410563,F,Pressure,101642.0
1646410563,F,Gas,912.4500122070312
1646410563,F,Accelerometer,0.0
1646410563,F,Light,68.0
1646410563,F,MIC,3.0
1646410563,F,RSSI,73.0
1646410563,C,Temperature,22.915000915527344
1646410563,C,Humidity,33.19499969482422
1646410563,C,Pressure,101615.0
1646410563,C,Gas,1233.5460205078125
1646410563,C,Accelerometer,0.0
1646410563,C,Light,1092.0
1646410563,C,MIC,3.0
1646410563,C,RSSI,87.0
1646410563,E,Temperature,22.26499938964844
1646410563,E,Humidity,32.76599884033203
1646410563,E,Pressure,101601.0
1646410563,E,Gas,3123.712890625
1646410563,E,Accelerometer,0.0
1646410563,E,Light,3699.0
1646410563,E,MIC,3.0
1646410563,E,RSSI,78.0
1646410567,A,Temperature,22.76499938964844
1646410567,A,Humidity,33.16699981689453
1646410567,A,Pressure,101599.0
1646410567,A,Gas,1182.7359619140625
1646410567,A,Accelerometer,0.0
1646410567,A,Light,2157.0
1646410567,A,MIC,3.0
1646410567,A,RSSI,78.0
1646410571,D,Temperature,22.084999084472656
1646410571,D,Humidity,33.37400054931641
1646410571,D,Pressure,101621.0
1646410571,D,Gas,2948.510009765625
1646410571,D,Accelerometer,0.0
1646410571,D,Light,138.0
1646410571,D,MIC,3.0
1646410571,D,RSSI,57.0
1646410572,G,Temperature,23.024999618530273
1646410572,G,Humidity,33.10400009155273
1646410572,G,Pressure,101622.0
1646410572,G,Gas,1931.4739990234373
1646410572,G,Accelerometer,0.0
1646410572,G,Light,1417.0
1646410572,G,MIC,3.0
1646410572,G,RSSI,74.0
1646410572,B,Temperature,22.92499923706055
1646410572,B,Humidity,32.067001342773445
1646410572,B,Pressure,101556.0
1646410572,B,Gas,5072.60498046875
1646410572,B,Accelerometer,0.0
1646410572,B,Light,643.0
1646410572,B,MIC,2.0
1646410572,B,RSSI,87.0
1646410572,H,Temperature,23.88500022888184
1646410572,H,Humidity,28.5049991607666
1646410572,H,Pressure,101610.0
1646410572,H,Gas,4712.01416015625
1646410572,H,Accelerometer,0.0
1646410572,H,Light,3573.0
1646410572,H,MIC,2.0
1646410572,H,RSSI,90.0
1646410573,E,Temperature,22.26499938964844
1646410573,E,Humidity,32.772998809814446
1646410573,E,Pressure,101601.0
1646410573,E,Gas,3121.737060546875
1646410573,E,Accelerometer,0.0
1646410573,E,Light,3693.0
1646410573,E,MIC,3.0
1646410573,E,RSSI,78.0
1646410573,F,Temperature,21.84499931335449
1646410573,F,Humidity,33.083999633789055
1646410573,F,Pressure,101642.0
1646410573,F,Gas,904.97802734375
1646410573,F,Accelerometer,0.0
1646410573,F,Light,68.0
1646410573,F,MIC,3.0
1646410573,F,RSSI,73.0
1646410575,G,Temperature,23.024999618530273
1646410575,G,Humidity,33.09000015258789
1646410575,G,Pressure,101622.0
1646410575,G,Gas,1914.2359619140625
1646410575,G,Accelerometer,0.0
1646410575,G,Light,1428.0
1646410575,G,MIC,3.0
1646410575,G,RSSI,74.0
1646410577,A,Temperature,22.76499938964844
1646410577,A,Humidity,33.160999298095696
1646410577,A,Pressure,101599.0
1646410577,A,Gas,1199.675048828125
1646410577,A,Accelerometer,0.0
1646410577,A,Light,2162.0
1646410577,A,MIC,3.0
1646410577,A,RSSI,78.0
1646410577,B,Temperature,22.92499923706055
1646410577,B,Humidity,32.07400131225586
1646410577,B,Pressure,101554.0
1646410577,B,Gas,5078.97119140625
1646410577,B,Accelerometer,0.0
1646410577,B,Light,641.0
1646410577,B,MIC,2.0
1646410577,B,RSSI,88.0
1646410579,H,Temperature,23.88500022888184
1646410579,H,Humidity,28.520000457763672
1646410579,H,Pressure,101610.0
1646410579,H,Gas,4695.22509765625
1646410579,H,Accelerometer,0.0
1646410579,H,Light,3573.0
1646410579,H,MIC,2.0
1646410579,H,RSSI,90.0
1646410579,C,Temperature,22.90500068664551
1646410579,C,Humidity,33.194000244140625
1646410579,C,Pressure,101613.0
1646410579,C,Gas,1239.5240478515625
1646410579,C,Accelerometer,0.0
1646410579,C,Light,1084.0
1646410579,C,MIC,3.0
1646410579,C,RSSI,87.0
1646410581,D,Temperature,22.075000762939453
1646410581,D,Humidity,33.376998901367195
1646410581,D,Pressure,101623.0
1646410581,D,Gas,2946.555908203125
1646410581,D,Accelerometer,0.0
1646410581,D,Light,139.0
1646410581,D,MIC,3.0
1646410581,D,RSSI,57.0
1646410583,E,Temperature,22.2450008392334
1646410583,E,Humidity,32.81100082397461
1646410583,E,Pressure,101599.0
1646410583,E,Gas,3122.301025390625
1646410583,E,Accelerometer,0.0
1646410583,E,Light,3704.0
1646410583,E,MIC,3.0
1646410583,E,RSSI,78.0
1646410583,C,Temperature,22.90500068664551
1646410583,C,Humidity,33.19499969482422
1646410583,C,Pressure,101613.0
1646410583,C,Gas,1233.9940185546875
1646410583,C,Accelerometer,0.0
1646410583,C,Light,1089.0
1646410583,C,MIC,3.0
1646410583,C,RSSI,85.0
1646410585,F,Temperature,21.84499931335449
1646410585,F,Humidity,33.09199905395508
1646410585,F,Pressure,101640.0
1646410585,F,Gas,903.8590087890624
1646410585,F,Accelerometer,0.0
1646410585,F,Light,68.0
1646410585,F,MIC,3.0
1646410585,F,RSSI,77.0
1646410585,G,Temperature,23.01499938964844
1646410585,G,Humidity,33.11899948120117
1646410585,G,Pressure,101622.0
1646410585,G,Gas,1904.43896484375
1646410585,G,Accelerometer,0.0
1646410585,G,Light,1417.0
1646410585,G,MIC,3.0
1646410585,G,RSSI,74.0
1646410587,A,Temperature,22.76499938964844
1646410587,A,Humidity,33.14500045776367
1646410587,A,Pressure,101599.0
1646410587,A,Gas,1208.5980224609375
1646410587,A,Accelerometer,0.0
1646410587,A,Light,2161.0
1646410587,A,MIC,3.0
1646410587,A,RSSI,78.0
1646410588,B,Temperature,22.92499923706055
1646410588,B,Humidity,32.05699920654297
1646410588,B,Pressure,101554.0
1646410588,B,Gas,5075.7109375
1646410588,B,Accelerometer,0.0
1646410588,B,Light,643.0
1646410588,B,MIC,2.0
1646410588,B,RSSI,88.0
1646410589,H,Temperature,23.88500022888184
1646410589,H,Humidity,28.493999481201172
1646410589,H,Pressure,101610.0
1646410589,H,Gas,4709.81689453125
1646410589,H,Accelerometer,0.0
1646410589,H,Light,3576.0
1646410589,H,MIC,2.0
1646410589,H,RSSI,87.0
1646410591,D,Temperature,22.084999084472656
1646410591,D,Humidity,33.375999450683594
1646410591,D,Pressure,101621.0
1646410591,D,Gas,2950.513916015625
1646410591,D,Accelerometer,0.0
1646410591,D,Light,140.0
1646410591,D,MIC,3.0
1646410591,D,RSSI,57.0
1646410593,F,Temperature,21.854999542236328
1646410593,F,Humidity,33.08100128173828
1646410593,F,Pressure,101640.0
1646410593,F,Gas,904.8389892578124
1646410593,F,Accelerometer,0.0
1646410593,F,Light,68.0
1646410593,F,MIC,3.0
1646410593,F,RSSI,77.0
1646410593,C,Temperature,22.90500068664551
1646410593,C,Humidity,33.207000732421875
1646410593,C,Pressure,101615.0
1646410593,C,Gas,1234.9019775390625
1646410593,C,Accelerometer,0.0
1646410593,C,Light,1087.0
1646410593,C,MIC,3.0
1646410593,C,RSSI,85.0
1646410593,E,Temperature,22.2450008392334
1646410593,E,Humidity,32.79700088500977
1646410593,E,Pressure,101597.0
1646410593,E,Gas,3121.205078125
1646410593,E,Accelerometer,0.0
1646410593,E,Light,3692.0
1646410593,E,MIC,3.0
1646410593,E,RSSI,78.0
1646410595,G,Temperature,23.01499938964844
1646410595,G,Humidity,33.10699844360352
1646410595,G,Pressure,101622.0
1646410595,G,Gas,1913.384033203125
1646410595,G,Accelerometer,0.0
1646410595,G,Light,1422.0
1646410595,G,MIC,3.0
1646410595,G,RSSI,75.0
1646410597,A,Temperature,22.76499938964844
1646410597,A,Humidity,33.150001525878906
1646410597,A,Pressure,101599.0
1646410597,A,Gas,1219.093017578125
1646410597,A,Accelerometer,0.0
1646410597,A,Light,2170.0
1646410597,A,MIC,3.0
1646410597,A,RSSI,82.0
1646410601,H,Temperature,23.895000457763672
1646410601,H,Humidity,28.49900054931641
1646410601,H,Pressure,101610.0
1646410601,H,Gas,4725.51513671875
1646410601,H,Accelerometer,0.0
1646410601,H,Light,3575.0
1646410601,H,MIC,2.0
1646410601,H,RSSI,87.0
1646410601,D,Temperature,22.065000534057614
1646410601,D,Humidity,33.39699935913086
1646410601,D,Pressure,101623.0
1646410601,D,Gas,2959.614013671875
1646410601,D,Accelerometer,0.0
1646410601,D,Light,141.0
1646410601,D,MIC,3.0
1646410601,D,RSSI,54.0
1646410602,B,Temperature,22.934999465942386
1646410602,B,Humidity,32.066001892089844
1646410602,B,Pressure,101552.0
1646410602,B,Gas,5073.59619140625
1646410602,B,Accelerometer,0.0
1646410602,B,Light,643.0
1646410602,B,MIC,2.0
1646410602,B,RSSI,88.0
1646410603,F,Temperature,21.84499931335449
1646410603,F,Humidity,33.10800170898437
1646410603,F,Pressure,101642.0
1646410603,F,Gas,904.5020141601562
1646410603,F,Accelerometer,0.0
1646410603,F,Light,68.0
1646410603,F,MIC,3.0
1646410603,F,RSSI,77.0
1646410603,E,Temperature,22.2450008392334
1646410603,E,Humidity,32.80699920654297
1646410603,E,Pressure,101597.0
1646410603,E,Gas,3118.785888671875
1646410603,E,Accelerometer,0.0
1646410603,E,Light,3694.0
1646410603,E,MIC,3.0
1646410603,E,RSSI,78.0
1646410603,C,Temperature,22.90500068664551
1646410603,C,Humidity,33.215999603271484
1646410603,C,Pressure,101611.0
1646410603,C,Gas,1248.3310546875
1646410603,C,Accelerometer,0.0
1646410603,C,Light,1089.0
1646410603,C,MIC,3.0
1646410603,C,RSSI,85.0
1646410606,G,Temperature,23.024999618530273
1646410606,G,Humidity,33.09999847412109
1646410606,G,Pressure,101622.0
1646410606,G,Gas,1891.324951171875
1646410606,G,Accelerometer,0.0
1646410606,G,Light,1422.0
1646410606,G,MIC,3.0
1646410606,G,RSSI,75.0
1646410607,A,Temperature,22.76499938964844
1646410607,A,Humidity,33.189998626708984
1646410607,A,Pressure,101597.0
1646410607,A,Gas,1222.3699951171875
1646410607,A,Accelerometer,0.0
1646410607,A,Light,2166.0
1646410607,A,MIC,3.0
1646410607,A,RSSI,82.0
1646410607,B,Temperature,22.92499923706055
1646410607,B,Humidity,32.066001892089844
1646410607,B,Pressure,101554.0
1646410607,B,Gas,5075.44482421875
1646410607,B,Accelerometer,0.0
1646410607,B,Light,643.0
1646410607,B,MIC,2.0
1646410607,B,RSSI,88.0
1646410609,H,Temperature,23.90500068664551
1646410609,H,Humidity,28.50399971008301
1646410609,H,Pressure,101608.0
1646410609,H,Gas,4731.51513671875
1646410609,H,Accelerometer,0.0
1646410609,H,Light,3575.0
1646410609,H,MIC,2.0
1646410609,H,RSSI,87.0
1646410611,D,Temperature,22.075000762939453
1646410611,D,Humidity,33.398998260498054
1646410611,D,Pressure,101623.0
1646410611,D,Gas,2967.783935546875
1646410611,D,Accelerometer,0.0
1646410611,D,Light,142.0
1646410611,D,MIC,3.0
1646410611,D,RSSI,54.0
1646410613,F,Temperature,21.84499931335449
1646410613,F,Humidity,33.102001190185554
1646410613,F,Pressure,101640.0
1646410613,F,Gas,911.2269897460938
1646410613,F,Accelerometer,0.0
1646410613,F,Light,68.0
1646410613,F,MIC,3.0
1646410613,F,RSSI,77.0
1646410613,C,Temperature,22.915000915527344
1646410613,C,Humidity,33.194000244140625
1646410613,C,Pressure,101615.0
1646410613,C,Gas,1262.3189697265625
1646410613,C,Accelerometer,0.0
1646410613,C,Light,1086.0
1646410613,C,MIC,3.0
1646410613,C,RSSI,85.0
1646410613,E,Temperature,22.2549991607666
1646410613,E,Humidity,32.772998809814446
1646410613,E,Pressure,101603.0
1646410613,E,Gas,3125.672119140625
1646410613,E,Accelerometer,0.0
1646410613,E,Light,3695.0
1646410613,E,MIC,3.0
1646410613,E,RSSI,61.0
1646410616,G,Temperature,23.024999618530273
1646410616,G,Humidity,33.101001739501946
1646410616,G,Pressure,101620.0
1646410616,G,Gas,1881.072998046875
1646410616,G,Accelerometer,0.0
1646410616,G,Light,1420.0
1646410616,G,MIC,3.0
1646410616,G,RSSI,75.0
1646410617,A,Temperature,22.76499938964844
1646410617,A,Humidity,33.189998626708984
1646410617,A,Pressure,101599.0
1646410617,A,Gas,1231.166015625
1646410617,A,Accelerometer,0.0
1646410617,A,Light,2164.0
1646410617,A,MIC,3.0
1646410617,A,RSSI,82.0
1646410618,B,Temperature,22.92499923706055
1646410618,B,Humidity,32.077999114990234
1646410618,B,Pressure,101552.0
1646410618,B,Gas,5068.86279296875
1646410618,B,Accelerometer,0.0
1646410618,B,Light,643.0
1646410618,B,MIC,2.0
1646410618,B,RSSI,88.0
1646410620,H,Temperature,23.895000457763672
1646410620,H,Humidity,28.517000198364247
1646410620,H,Pressure,101606.0
1646410620,H,Gas,4740.51123046875
1646410620,H,Accelerometer,0.0
1646410620,H,Light,3575.0
1646410620,H,MIC,2.0
1646410620,H,RSSI,87.0
1646410621,D,Temperature,22.075000762939453
1646410621,D,Humidity,33.397998809814446
1646410621,D,Pressure,101619.0
1646410621,D,Gas,2960.01806640625
1646410621,D,Accelerometer,0.0
1646410621,D,Light,144.0
1646410621,D,MIC,3.0
1646410621,D,RSSI,54.0
1646410623,F,Temperature,21.84499931335449
1646410623,F,Humidity,33.10599899291992
1646410623,F,Pressure,101640.0
1646410623,F,Gas,912.7990112304688
1646410623,F,Accelerometer,0.0
1646410623,F,Light,69.0
1646410623,F,MIC,3.0
1646410623,F,RSSI,77.0
1646410623,E,Temperature,22.2450008392334
1646410623,E,Humidity,32.78099822998047
1646410623,E,Pressure,101595.0
1646410623,E,Gas,3129.60302734375
1646410623,E,Accelerometer,0.0
1646410623,E,Light,3694.0
1646410623,E,MIC,3.0
1646410623,E,RSSI,61.0
1646410623,C,Temperature,22.915000915527344
1646410623,C,Humidity,33.19900131225586
1646410623,C,Pressure,101613.0
1646410623,C,Gas,1261.7989501953125
1646410623,C,Accelerometer,0.0
1646410623,C,Light,1082.0
1646410623,C,MIC,3.0
1646410623,C,RSSI,85.0
1646410625,G,Temperature,23.01499938964844
1646410625,G,Humidity,33.150001525878906
1646410625,G,Pressure,101620.0
1646410625,G,Gas,1897.9339599609373
1646410625,G,Accelerometer,0.0
1646410625,G,Light,1429.0
1646410625,G,MIC,3.0
1646410625,G,RSSI,75.0
1646410627,A,Temperature,22.76499938964844
1646410627,A,Humidity,33.205001831054695
1646410627,A,Pressure,101599.0
1646410627,A,Gas,1233.219970703125
1646410627,A,Accelerometer,0.0
1646410627,A,Light,2164.0
1646410627,A,MIC,3.0
1646410627,A,RSSI,82.0
1646410628,B,Temperature,22.92499923706055
1646410628,B,Humidity,32.075000762939446
1646410628,B,Pressure,101554.0
1646410628,B,Gas,5069.7490234375
1646410628,B,Accelerometer,0.0
1646410628,B,Light,642.0
1646410628,B,MIC,2.0
1646410628,B,RSSI,88.0
1646410629,H,Temperature,23.895000457763672
1646410629,H,Humidity,28.5049991607666
1646410629,H,Pressure,101608.0
1646410629,H,Gas,4746.87109375
1646410629,H,Accelerometer,0.0
1646410629,H,Light,3581.0
1646410629,H,MIC,2.0
1646410629,H,RSSI,87.0
1646410631,D,Temperature,22.084999084472656
1646410631,D,Humidity,33.367000579833984
1646410631,D,Pressure,101621.0
1646410631,D,Gas,2967.93408203125
1646410631,D,Accelerometer,0.0
1646410631,D,Light,145.0
1646410631,D,MIC,3.0
1646410631,D,RSSI,54.0
1646410633,F,Temperature,21.854999542236328
1646410633,F,Humidity,33.076000213623054
1646410633,F,Pressure,101640.0
1646410633,F,Gas,924.10302734375
1646410633,F,Accelerometer,0.0
1646410633,F,Light,69.0
1646410633,F,MIC,3.0
1646410633,F,RSSI,78.0
1646410633,C,Temperature,22.92499923706055
1646410633,C,Humidity,33.18399810791016
1646410633,C,Pressure,101615.0
1646410633,C,Gas,1253.56201171875
1646410633,C,Accelerometer,0.0
1646410633,C,Light,1085.0
1646410633,C,MIC,3.0
1646410633,C,RSSI,77.0
1646410633,E,Temperature,22.2450008392334
1646410633,E,Humidity,32.79700088500977
1646410633,E,Pressure,101597.0
1646410633,E,Gas,3129.97900390625
1646410633,E,Accelerometer,0.0
1646410633,E,Light,3693.0
1646410633,E,MIC,3.0
1646410633,E,RSSI,61.0
1646410635,G,Temperature,23.0049991607666
1646410635,G,Humidity,33.14699935913086
1646410635,G,Pressure,101620.0
1646410635,G,Gas,1901.6209716796875
1646410635,G,Accelerometer,0.0
1646410635,G,Light,1430.0
1646410635,G,MIC,3.0
1646410635,G,RSSI,75.0
1646410637,A,Temperature,22.7549991607666
1646410637,A,Humidity,33.213001251220696
1646410637,A,Pressure,101595.0
1646410637,A,Gas,1236.197998046875
1646410637,A,Accelerometer,0.0
1646410637,A,Light,2172.0
1646410637,A,MIC,3.0
1646410637,A,RSSI,82.0
1646410637,B,Temperature,22.92499923706055
1646410637,B,Humidity,32.08300018310547
1646410637,B,Pressure,101556.0
1646410637,B,Gas,5065.630859375
1646410637,B,Accelerometer,0.0
1646410637,B,Light,642.0
1646410637,B,MIC,3.0
1646410637,B,RSSI,88.0
1646410639,H,Temperature,23.895000457763672
1646410639,H,Humidity,28.507999420166016
1646410639,H,Pressure,101604.0
1646410639,H,Gas,4757.38818359375
1646410639,H,Accelerometer,0.0
1646410639,H,Light,3580.0
1646410639,H,MIC,2.0
1646410639,H,RSSI,89.0
1646410641,D,Temperature,22.084999084472656
1646410641,D,Humidity,33.35400009155273
1646410641,D,Pressure,101621.0
1646410641,D,Gas,2972.41796875
1646410641,D,Accelerometer,0.0
1646410641,D,Light,146.0
1646410641,D,MIC,3.0
1646410641,D,RSSI,54.0
1646410643,C,Temperature,22.92499923706055
1646410643,C,Humidity,33.169998168945305
1646410643,C,Pressure,101615.0
1646410643,C,Gas,1253.074951171875
1646410643,C,Accelerometer,0.0
1646410643,C,Light,1086.0
1646410643,C,MIC,3.0
1646410643,C,RSSI,77.0
1646410643,F,Temperature,21.854999542236328
1646410643,F,Humidity,33.095001220703125
1646410643,F,Pressure,101638.0
1646410643,F,Gas,922.3369750976562
1646410643,F,Accelerometer,0.0
1646410643,F,Light,69.0
1646410643,F,MIC,3.0
1646410643,F,RSSI,78.0
1646410643,E,Temperature,22.2450008392334
1646410643,E,Humidity,32.794998168945305
1646410643,E,Pressure,101597.0
1646410643,E,Gas,3131.323974609375
1646410643,E,Accelerometer,0.0
1646410643,E,Light,3699.0
1646410643,E,MIC,3.0
1646410643,E,RSSI,61.0
1646410645,G,Temperature,23.0049991607666
1646410645,G,Humidity,33.17599868774414
1646410645,G,Pressure,101620.0
1646410645,G,Gas,1910.029052734375
1646410645,G,Accelerometer,0.0
1646410645,G,Light,1429.0
1646410645,G,MIC,3.0
1646410645,G,RSSI,71.0
1646410647,B,Temperature,22.90500068664551
1646410647,B,Humidity,32.11899948120117
1646410647,B,Pressure,101552.0
1646410647,B,Gas,5071.67578125
1646410647,B,Accelerometer,0.0
1646410647,B,Light,642.0
1646410647,B,MIC,3.0
1646410647,B,RSSI,88.0
1646410648,A,Temperature,22.76499938964844
1646410648,A,Humidity,33.21200180053711
1646410648,A,Pressure,101599.0
1646410648,A,Gas,1242.7960205078125
1646410648,A,Accelerometer,0.0
1646410648,A,Light,2172.0
1646410648,A,MIC,3.0
1646410648,A,RSSI,81.0
1646410649,H,Temperature,23.895000457763672
1646410649,H,Humidity,28.52400016784668
1646410649,H,Pressure,101606.0
1646410649,H,Gas,4755.716796875
1646410649,H,Accelerometer,0.0
1646410649,H,Light,3580.0
1646410649,H,MIC,2.0
1646410649,H,RSSI,89.0
1646410651,D,Temperature,22.084999084472656
1646410651,D,Humidity,33.37099838256836
1646410651,D,Pressure,101621.0
1646410651,D,Gas,2969.2900390625
1646410651,D,Accelerometer,0.0
1646410651,D,Light,148.0
1646410651,D,MIC,3.0
1646410651,D,RSSI,70.0
1646410653,F,Temperature,21.84499931335449
1646410653,F,Humidity,33.10300064086914
1646410653,F,Pressure,101640.0
1646410653,F,Gas,927.0479736328124
1646410653,F,Accelerometer,0.0
1646410653,F,Light,69.0
1646410653,F,MIC,3.0
1646410653,F,RSSI,78.0
1646410653,C,Temperature,22.934999465942386
1646410653,C,Humidity,33.15700149536133
1646410653,C,Pressure,101613.0
1646410653,C,Gas,1260.6199951171875
1646410653,C,Accelerometer,0.0
1646410653,C,Light,1090.0
1646410653,C,MIC,3.0
1646410653,C,RSSI,77.0
1646410653,E,Temperature,22.2450008392334
1646410653,E,Humidity,32.798999786376946
1646410653,E,Pressure,101603.0
1646410653,E,Gas,3134.285888671875
1646410653,E,Accelerometer,0.0
1646410653,E,Light,3697.0
1646410653,E,MIC,3.0
1646410653,E,RSSI,61.0
1646410656,G,Temperature,23.01499938964844
1646410656,G,Humidity,33.14099884033203
1646410656,G,Pressure,101622.0
1646410656,G,Gas,1921.083984375
1646410656,G,Accelerometer,0.0
1646410656,G,Light,1433.0
1646410656,G,MIC,3.0
1646410656,G,RSSI,71.0
1646410657,A,Temperature,22.7549991607666
1646410657,A,Humidity,33.214000701904304
1646410657,A,Pressure,101591.0
1646410657,A,Gas,1250.291015625
1646410657,A,Accelerometer,0.0
1646410657,A,Light,2176.0
1646410657,A,MIC,3.0
1646410657,A,RSSI,81.0
1646410658,B,Temperature,22.915000915527344
1646410658,B,Humidity,32.09000015258789
1646410658,B,Pressure,101552.0
1646410658,B,Gas,5071.60888671875
1646410658,B,Accelerometer,0.0
1646410658,B,Light,644.0
1646410658,B,MIC,3.0
1646410658,B,RSSI,88.0
1646410661,D,Temperature,22.075000762939453
1646410661,D,Humidity,33.382999420166016
1646410661,D,Pressure,101621.0
1646410661,D,Gas,2967.23095703125
1646410661,D,Accelerometer,0.0
1646410661,D,Light,149.0
1646410661,D,MIC,3.0
1646410661,D,RSSI,70.0
1646410662,H,Temperature,23.90500068664551
1646410662,H,Humidity,28.4950008392334
1646410662,H,Pressure,101606.0
1646410662,H,Gas,4740.421875
1646410662,H,Accelerometer,0.0
1646410662,H,Light,3580.0
1646410662,H,MIC,2.0
1646410662,H,RSSI,89.0
1646410663,F,Temperature,21.84499931335449
1646410663,F,Humidity,33.10699844360352
1646410663,F,Pressure,101638.0
1646410663,F,Gas,930.0419921875
1646410663,F,Accelerometer,0.0
1646410663,F,Light,70.0
1646410663,F,MIC,3.0
1646410663,F,RSSI,78.0
1646410663,E,Temperature,22.2549991607666
1646410663,E,Humidity,32.78400039672852
1646410663,E,Pressure,101601.0
1646410663,E,Gas,3147.658935546875
1646410663,E,Accelerometer,0.0
1646410663,E,Light,3698.0
1646410663,E,MIC,3.0
1646410663,E,RSSI,58.0
1646410664,C,Temperature,22.915000915527344
1646410664,C,Humidity,33.185001373291016
1646410664,C,Pressure,101613.0
1646410664,C,Gas,1243.8360595703125
1646410664,C,Accelerometer,0.0
1646410664,C,Light,1086.0
1646410664,C,MIC,3.0
1646410664,C,RSSI,77.0
1646410665,G,Temperature,23.024999618530273
1646410665,G,Humidity,33.16400146484375
1646410665,G,Pressure,101618.0
1646410665,G,Gas,1924.217041015625
1646410665,G,Accelerometer,0.0
1646410665,G,Light,1429.0
1646410665,G,MIC,3.0
1646410665,G,RSSI,71.0
1646410667,A,Temperature,22.7549991607666
1646410667,A,Humidity,33.15900039672852
1646410667,A,Pressure,101591.0
1646410667,A,Gas,1245.60205078125
1646410667,A,Accelerometer,0.0
1646410667,A,Light,2171.0
1646410667,A,MIC,3.0
1646410667,A,RSSI,81.0
1646410669,B,Temperature,22.915000915527344
1646410669,B,Humidity,32.08300018310547
1646410669,B,Pressure,101552.0
1646410669,B,Gas,5074.53076171875
1646410669,B,Accelerometer,0.0
1646410669,B,Light,645.0
1646410669,B,MIC,3.0
1646410669,B,RSSI,88.0
1646410669,H,Temperature,23.90500068664551
1646410669,H,Humidity,28.488000869750977
1646410669,H,Pressure,101604.0
1646410669,H,Gas,4744.873046875
1646410669,H,Accelerometer,0.0
1646410669,H,Light,3576.0
1646410669,H,MIC,2.0
1646410669,H,RSSI,89.0
1646410671,D,Temperature,22.084999084472656
1646410671,D,Humidity,33.38100051879883
1646410671,D,Pressure,101621.0
1646410671,D,Gas,2974.56494140625
1646410671,D,Accelerometer,0.0
1646410671,D,Light,151.0
1646410671,D,MIC,3.0
1646410671,D,RSSI,70.0
1646410673,F,Temperature,21.854999542236328
1646410673,F,Humidity,33.088001251220696
1646410673,F,Pressure,101640.0
1646410673,F,Gas,930.8389892578124
1646410673,F,Accelerometer,0.0
1646410673,F,Light,70.0
1646410673,F,MIC,3.0
1646410673,F,RSSI,78.0
1646410673,C,Temperature,22.915000915527344
1646410673,C,Humidity,33.14699935913086
1646410673,C,Pressure,101615.0
1646410673,C,Gas,1249.77099609375
1646410673,C,Accelerometer,0.0
1646410673,C,Light,1085.0
1646410673,C,MIC,3.0
1646410673,C,RSSI,77.0
1646410673,E,Temperature,22.2450008392334
1646410673,E,Humidity,32.79700088500977
1646410673,E,Pressure,101597.0
1646410673,E,Gas,3144.093994140625
1646410673,E,Accelerometer,0.0
1646410673,E,Light,3698.0
1646410673,E,MIC,3.0
1646410673,E,RSSI,58.0
1646410675,G,Temperature,23.024999618530273
1646410675,G,Humidity,33.16299819946289
1646410675,G,Pressure,101618.0
1646410675,G,Gas,1912.3260498046875
1646410675,G,Accelerometer,0.0
1646410675,G,Light,1423.0
1646410675,G,MIC,3.0
1646410675,G,RSSI,71.0
1646410677,A,Temperature,22.76499938964844
1646410677,A,Humidity,33.14699935913086
1646410677,A,Pressure,101597.0
1646410677,A,Gas,1254.48095703125
1646410677,A,Accelerometer,0.0
1646410677,A,Light,2167.0
1646410677,A,MIC,3.0
1646410677,A,RSSI,81.0
1646410679,B,Temperature,22.915000915527344
1646410679,B,Humidity,32.09400177001953
1646410679,B,Pressure,101552.0
1646410679,B,Gas,5076.2421875
1646410679,B,Accelerometer,0.0
1646410679,B,Light,645.0
1646410679,B,MIC,2.0
1646410679,B,RSSI,88.0
1646410679,H,Temperature,23.915000915527344
1646410679,H,Humidity,28.481000900268555
1646410679,H,Pressure,101606.0
1646410679,H,Gas,4749.783203125
1646410679,H,Accelerometer,0.0
1646410679,H,Light,3579.0
1646410679,H,MIC,2.0
1646410679,H,RSSI,89.0
1646410681,D,Temperature,22.084999084472656
1646410681,D,Humidity,33.36999893188477
1646410681,D,Pressure,101621.0
1646410681,D,Gas,2987.5791015625
1646410681,D,Accelerometer,0.0
1646410681,D,Light,153.0
1646410681,D,MIC,3.0
1646410681,D,RSSI,70.0
1646410683,F,Temperature,21.84499931335449
1646410683,F,Humidity,33.0989990234375
1646410683,F,Pressure,101640.0
1646410683,F,Gas,925.1099853515624
1646410683,F,Accelerometer,0.0
1646410683,F,Light,71.0
1646410683,F,MIC,3.0
1646410683,F,RSSI,77.0
1646410683,E,Temperature,22.23500061035156
1646410683,E,Humidity,32.812000274658196
1646410683,E,Pressure,101599.0
1646410683,E,Gas,3141.69189453125
1646410683,E,Accelerometer,0.0
1646410683,E,Light,3691.0
1646410683,E,MIC,3.0
1646410683,E,RSSI,58.0
1646410683,C,Temperature,22.895000457763672
1646410683,C,Humidity,33.18199920654297
1646410683,C,Pressure,101613.0
1646410683,C,Gas,1245.8900146484375
1646410683,C,Accelerometer,0.0
1646410683,C,Light,1089.0
1646410683,C,MIC,3.0
1646410683,C,RSSI,77.0
1646410686,G,Temperature,23.01499938964844
1646410686,G,Humidity,33.147998809814446
1646410686,G,Pressure,101620.0
1646410686,G,Gas,1895.4820556640625
1646410686,G,Accelerometer,0.0
1646410686,G,Light,1425.0
1646410686,G,MIC,3.0
1646410686,G,RSSI,71.0
1646410687,B,Temperature,22.915000915527344
1646410687,B,Humidity,32.10599899291992
1646410687,B,Pressure,101550.0
1646410687,B,Gas,5077.298828125
1646410687,B,Accelerometer,0.0
1646410687,B,Light,643.0
1646410687,B,MIC,2.0
1646410687,B,RSSI,88.0
1646410687,A,Temperature,22.7549991607666
1646410687,A,Humidity,33.147998809814446
1646410687,A,Pressure,101591.0
1646410687,A,Gas,1258.550048828125
1646410687,A,Accelerometer,0.0
1646410687,A,Light,2165.0
1646410687,A,MIC,3.0
1646410687,A,RSSI,81.0
1646410689,H,Temperature,23.915000915527344
1646410689,H,Humidity,28.49600028991699
1646410689,H,Pressure,101606.0
1646410689,H,Gas,4741.72900390625
1646410689,H,Accelerometer,0.0
1646410689,H,Light,3576.0
1646410689,H,MIC,2.0
1646410689,H,RSSI,86.0
1646410691,D,Temperature,22.084999084472656
1646410691,D,Humidity,33.35499954223633
1646410691,D,Pressure,101623.0
1646410691,D,Gas,2987.0419921875
1646410691,D,Accelerometer,0.0
1646410691,D,Light,155.0
1646410691,D,MIC,3.0
1646410691,D,RSSI,70.0
1646410693,F,Temperature,21.84499931335449
1646410693,F,Humidity,33.0989990234375
1646410693,F,Pressure,101640.0
1646410693,F,Gas,925.3259887695312
1646410693,F,Accelerometer,0.0
1646410693,F,Light,71.0
1646410693,F,MIC,3.0
1646410693,F,RSSI,77.0
1646410693,C,Temperature,22.90500068664551
1646410693,C,Humidity,33.173999786376946
1646410693,C,Pressure,101613.0
1646410693,C,Gas,1246.4659423828125
1646410693,C,Accelerometer,0.0
1646410693,C,Light,1091.0
1646410693,C,MIC,3.0
1646410693,C,RSSI,77.0
1646410693,E,Temperature,22.23500061035156
1646410693,E,Humidity,32.80199813842773
1646410693,E,Pressure,101599.0
1646410693,E,Gas,3139.2451171875
1646410693,E,Accelerometer,0.0
1646410693,E,Light,3698.0
1646410693,E,MIC,3.0
1646410693,E,RSSI,58.0
1646410697,G,Temperature,23.01499938964844
1646410697,G,Humidity,33.14400100708008
1646410697,G,Pressure,101620.0
1646410697,G,Gas,1891.35302734375
1646410697,G,Accelerometer,0.0
1646410697,G,Light,1434.0
1646410697,G,MIC,3.0
1646410697,G,RSSI,75.0
1646410697,A,Temperature,22.7549991607666
1646410697,A,Humidity,33.148998260498054
1646410697,A,Pressure,101591.0
1646410697,A,Gas,1257.2769775390625
1646410697,A,Accelerometer,0.0
1646410697,A,Light,2172.0
1646410697,A,MIC,3.0
1646410697,A,RSSI,78.0
1646410699,B,Temperature,22.915000915527344
1646410699,B,Humidity,32.083999633789055
1646410699,B,Pressure,101552.0
1646410699,B,Gas,5070.14208984375
1646410699,B,Accelerometer,0.0
1646410699,B,Light,643.0
1646410699,B,MIC,2.0
1646410699,B,RSSI,88.0
1646410699,H,Temperature,23.90500068664551
1646410699,H,Humidity,28.496999740600586
1646410699,H,Pressure,101604.0
1646410699,H,Gas,4740.56591796875
1646410699,H,Accelerometer,0.0
1646410699,H,Light,3582.0
1646410699,H,MIC,2.0
1646410699,H,RSSI,86.0
1646410701,D,Temperature,22.084999084472656
1646410701,D,Humidity,33.352001190185554
1646410701,D,Pressure,101621.0
1646410701,D,Gas,2976.8349609375
1646410701,D,Accelerometer,0.0
1646410701,D,Light,156.0
1646410701,D,MIC,3.0
1646410701,D,RSSI,70.0
1646410703,F,Temperature,21.84499931335449
1646410703,F,Humidity,33.117000579833984
1646410703,F,Pressure,101640.0
1646410703,F,Gas,919.7960205078124
1646410703,F,Accelerometer,0.0
1646410703,F,Light,72.0
1646410703,F,MIC,3.0
1646410703,F,RSSI,77.0
1646410703,C,Temperature,22.895000457763672
1646410703,C,Humidity,33.19300079345703
1646410703,C,Pressure,101613.0
1646410703,C,Gas,1252.52197265625
1646410703,C,Accelerometer,0.0
1646410703,C,Light,1089.0
1646410703,C,MIC,3.0
1646410703,C,RSSI,77.0
1646410703,E,Temperature,22.23500061035156
1646410703,E,Humidity,32.80699920654297
1646410703,E,Pressure,101597.0
1646410703,E,Gas,3143.72900390625
1646410703,E,Accelerometer,0.0
1646410703,E,Light,3697.0
1646410703,E,MIC,3.0
1646410703,E,RSSI,58.0
1646410706,G,Temperature,23.0049991607666
1646410706,G,Humidity,33.19300079345703
1646410706,G,Pressure,101620.0
1646410706,G,Gas,1904.1009521484373
1646410706,G,Accelerometer,0.0
1646410706,G,Light,1427.0
1646410706,G,MIC,3.0
1646410706,G,RSSI,75.0
1646410707,A,Temperature,22.7549991607666
1646410707,A,Humidity,33.13399887084961
1646410707,A,Pressure,101591.0
1646410707,A,Gas,1275.1729736328125
1646410707,A,Accelerometer,0.0
1646410707,A,Light,2160.0
1646410707,A,MIC,3.0
1646410707,A,RSSI,78.0
1646410708,B,Temperature,22.915000915527344
1646410708,B,Humidity,32.083999633789055
1646410708,B,Pressure,101550.0
1646410708,B,Gas,5064.93896484375
1646410708,B,Accelerometer,0.0
1646410708,B,Light,641.0
1646410708,B,MIC,2.0
1646410708,B,RSSI,88.0
1646410709,H,Temperature,23.90500068664551
1646410709,H,Humidity,28.492000579833984
1646410709,H,Pressure,101604.0
1646410709,H,Gas,4732.3291015625
1646410709,H,Accelerometer,0.0
1646410709,H,Light,3576.0
1646410709,H,MIC,3.0
1646410709,H,RSSI,86.0
1646410711,D,Temperature,22.084999084472656
1646410711,D,Humidity,33.35300064086914
1646410711,D,Pressure,101621.0
1646410711,D,Gas,2965.39306640625
1646410711,D,Accelerometer,0.0
1646410711,D,Light,158.0
1646410711,D,MIC,3.0
1646410711,D,RSSI,54.0
1646410713,E,Temperature,22.225000381469727
1646410713,E,Humidity,32.82699966430664
1646410713,E,Pressure,101597.0
1646410713,E,Gas,3151.533935546875
1646410713,E,Accelerometer,0.0
1646410713,E,Light,3701.0
1646410713,E,MIC,3.0
1646410713,E,RSSI,74.0
1646410713,F,Temperature,21.84499931335449
1646410713,F,Humidity,33.112998962402344
1646410713,F,Pressure,101638.0
1646410713,F,Gas,923.22802734375
1646410713,F,Accelerometer,0.0
1646410713,F,Light,72.0
1646410713,F,MIC,3.0
1646410713,F,RSSI,77.0
1646410713,C,Temperature,22.895000457763672
1646410713,C,Humidity,33.21500015258789
1646410713,C,Pressure,101611.0
1646410713,C,Gas,1246.8699951171875
1646410713,C,Accelerometer,0.0
1646410713,C,Light,1090.0
1646410713,C,MIC,3.0
1646410713,C,RSSI,77.0
1646410715,G,Temperature,23.01499938964844
1646410715,G,Humidity,33.145999908447266
1646410715,G,Pressure,101620.0
1646410715,G,Gas,1901.93701171875
1646410715,G,Accelerometer,0.0
1646410715,G,Light,1434.0
1646410715,G,MIC,3.0
1646410715,G,RSSI,75.0
1646410718,A,Temperature,22.76499938964844
1646410718,A,Humidity,33.143001556396484
1646410718,A,Pressure,101597.0
1646410718,A,Gas,1277.498046875
1646410718,A,Accelerometer,0.0
1646410718,A,Light,2175.0
1646410718,A,MIC,3.0
1646410718,A,RSSI,78.0
1646410719,B,Temperature,22.915000915527344
1646410719,B,Humidity,32.0989990234375
1646410719,B,Pressure,101550.0
1646410719,B,Gas,5060.23876953125
1646410719,B,Accelerometer,0.0
1646410719,B,Light,641.0
1646410719,B,MIC,2.0
1646410719,B,RSSI,88.0
1646410720,H,Temperature,23.90500068664551
1646410720,H,Humidity,28.5049991607666
1646410720,H,Pressure,101604.0
1646410720,H,Gas,4722.72509765625
1646410720,H,Accelerometer,0.0
1646410720,H,Light,3579.0
1646410720,H,MIC,3.0
1646410720,H,RSSI,86.0
1646410721,D,Temperature,22.09499931335449
1646410721,D,Humidity,33.34299850463867
1646410721,D,Pressure,101619.0
1646410721,D,Gas,2970.97802734375
1646410721,D,Accelerometer,0.0
1646410721,D,Light,160.0
1646410721,D,MIC,3.0
1646410721,D,RSSI,54.0
1646410723,E,Temperature,22.23500061035156
1646410723,E,Humidity,32.79399871826172
1646410723,E,Pressure,101599.0
1646410723,E,Gas,3150.2109375
1646410723,E,Accelerometer,0.0
1646410723,E,Light,3699.0
1646410723,E,MIC,3.0
1646410723,E,RSSI,74.0
1646410723,C,Temperature,22.895000457763672
1646410723,C,Humidity,33.22800064086914
1646410723,C,Pressure,101609.0
1646410723,C,Gas,1238.9599609375
1646410723,C,Accelerometer,0.0
1646410723,C,Light,1094.0
1646410723,C,MIC,3.0
1646410723,C,RSSI,77.0
1646410723,F,Temperature,21.84499931335449
1646410723,F,Humidity,33.11100006103516
1646410723,F,Pressure,101640.0
1646410723,F,Gas,938.1129760742188
1646410723,F,Accelerometer,0.0
1646410723,F,Light,73.0
1646410723,F,MIC,3.0
1646410723,F,RSSI,77.0
1646410725,G,Temperature,23.01499938964844
1646410725,G,Humidity,33.11999893188477
1646410725,G,Pressure,101618.0
1646410725,G,Gas,1899.5340576171875
1646410725,G,Accelerometer,0.0
1646410725,G,Light,1427.0
1646410725,G,MIC,3.0
1646410725,G,RSSI,75.0
1646410727,A,Temperature,22.76499938964844
1646410727,A,Humidity,33.15800094604492
1646410727,A,Pressure,101597.0
1646410727,A,Gas,1283.0169677734375
1646410727,A,Accelerometer,0.0
1646410727,A,Light,2159.0
1646410727,A,MIC,3.0
1646410727,A,RSSI,78.0
1646410729,H,Temperature,23.90500068664551
1646410729,H,Humidity,28.48500061035156
1646410729,H,Pressure,101604.0
1646410729,H,Gas,4726.578125
1646410729,H,Accelerometer,0.0
1646410729,H,Light,3577.0
1646410729,H,MIC,3.0
1646410729,H,RSSI,86.0
1646410729,B,Temperature,22.92499923706055
1646410729,B,Humidity,32.073001861572266
1646410729,B,Pressure,101552.0
1646410729,B,Gas,5054.64794921875
1646410729,B,Accelerometer,0.0
1646410729,B,Light,640.0
1646410729,B,MIC,2.0
1646410729,B,RSSI,88.0
1646410731,D,Temperature,22.09499931335449
1646410731,D,Humidity,33.347999572753906
1646410731,D,Pressure,101619.0
1646410731,D,Gas,2971.31005859375
1646410731,D,Accelerometer,0.0
1646410731,D,Light,161.0
1646410731,D,MIC,3.0
1646410731,D,RSSI,54.0
1646410733,F,Temperature,21.84499931335449
1646410733,F,Humidity,33.095001220703125
1646410733,F,Pressure,101638.0
1646410733,F,Gas,937.0390014648438
1646410733,F,Accelerometer,0.0
1646410733,F,Light,73.0
1646410733,F,MIC,3.0
1646410733,F,RSSI,77.0
1646410733,E,Temperature,22.225000381469727
1646410733,E,Humidity,32.798999786376946
1646410733,E,Pressure,101595.0
1646410733,E,Gas,3150.431884765625
1646410733,E,Accelerometer,0.0
1646410733,E,Light,3701.0
1646410733,E,MIC,3.0
1646410733,E,RSSI,74.0
1646410733,C,Temperature,22.90500068664551
1646410733,C,Humidity,33.214000701904304
1646410733,C,Pressure,101613.0
1646410733,C,Gas,1250.3740234375
1646410733,C,Accelerometer,0.0
1646410733,C,Light,1094.0
1646410733,C,MIC,3.0
1646410733,C,RSSI,79.0
1646410736,G,Temperature,23.01499938964844
1646410736,G,Humidity,33.179000854492195
1646410736,G,Pressure,101618.0
1646410736,G,Gas,1907.7989501953125
1646410736,G,Accelerometer,0.0
1646410736,G,Light,1433.0
1646410736,G,MIC,3.0
1646410736,G,RSSI,75.0
1646410737,A,Temperature,22.7549991607666
1646410737,A,Humidity,33.16899871826172
1646410737,A,Pressure,101591.0
1646410737,A,Gas,1289.116943359375
1646410737,A,Accelerometer,0.0
1646410737,A,Light,2172.0
1646410737,A,MIC,3.0
1646410737,A,RSSI,78.0
1646410738,B,Temperature,22.92499923706055
1646410738,B,Humidity,32.076000213623054
1646410738,B,Pressure,101552.0
1646410738,B,Gas,5055.744140625
1646410738,B,Accelerometer,0.0
1646410738,B,Light,642.0
1646410738,B,MIC,3.0
1646410738,B,RSSI,88.0
1646410741,D,Temperature,22.084999084472656
1646410741,D,Humidity,33.35800170898437
1646410741,D,Pressure,101621.0
1646410741,D,Gas,2990.402099609375
1646410741,D,Accelerometer,0.0
1646410741,D,Light,163.0
1646410741,D,MIC,3.0
1646410741,D,RSSI,54.0
1646410743,E,Temperature,22.225000381469727
1646410743,E,Humidity,32.80199813842773
1646410743,E,Pressure,101595.0
1646410743,E,Gas,3151.18505859375
1646410743,E,Accelerometer,0.0
1646410743,E,Light,3693.0
1646410743,E,MIC,3.0
1646410743,E,RSSI,74.0
1646410743,C,Temperature,22.90500068664551
1646410743,C,Humidity,33.23400115966797
1646410743,C,Pressure,101611.0
1646410743,C,Gas,1258.56103515625
1646410743,C,Accelerometer,0.0
1646410743,C,Light,1095.0
1646410743,C,MIC,3.0
1646410743,C,RSSI,79.0
1646410743,F,Temperature,21.834999084472656
1646410743,F,Humidity,33.126998901367195
1646410743,F,Pressure,101638.0
1646410743,F,Gas,943.1279907226562
1646410743,F,Accelerometer,0.0
1646410743,F,Light,74.0
1646410743,F,MIC,3.0
1646410743,F,RSSI,77.0
1646410745,G,Temperature,23.0049991607666
1646410745,G,Humidity,33.202999114990234
1646410745,G,Pressure,101614.0
1646410745,G,Gas,1910.5660400390625
1646410745,G,Accelerometer,0.0
1646410745,G,Light,1428.0
1646410745,G,MIC,3.0
1646410745,G,RSSI,69.0
1646410746,H,Temperature,23.90500068664551
1646410746,H,Humidity,28.507999420166016
1646410746,H,Pressure,101604.0
1646410746,H,Gas,4727.94482421875
1646410746,H,Accelerometer,0.0
1646410746,H,Light,3576.0
1646410746,H,MIC,3.0
1646410746,H,RSSI,79.0
1646410747,A,Temperature,22.76499938964844
1646410747,A,Humidity,33.187000274658196
1646410747,A,Pressure,101597.0
1646410747,A,Gas,1286.5040283203125
1646410747,A,Accelerometer,0.0
1646410747,A,Light,2163.0
1646410747,A,MIC,3.0
1646410747,A,RSSI,78.0
1646410749,B,Temperature,22.92499923706055
1646410749,B,Humidity,32.06399917602539
1646410749,B,Pressure,101552.0
1646410749,B,Gas,5062.5419921875
1646410749,B,Accelerometer,0.0
1646410749,B,Light,642.0
1646410749,B,MIC,3.0
1646410749,B,RSSI,88.0
1646410749,H,Temperature,23.90500068664551
1646410749,H,Humidity,28.51099967956543
1646410749,H,Pressure,101606.0
1646410749,H,Gas,4727.8232421875
1646410749,H,Accelerometer,0.0
1646410749,H,Light,3577.0
1646410749,H,MIC,3.0
1646410749,H,RSSI,79.0
1646410751,D,Temperature,22.075000762939453
1646410751,D,Humidity,33.382999420166016
1646410751,D,Pressure,101617.0
1646410751,D,Gas,2980.1669921875
1646410751,D,Accelerometer,0.0
1646410751,D,Light,165.0
1646410751,D,MIC,3.0
1646410751,D,RSSI,57.0
1646410754,C,Temperature,22.895000457763672
1646410754,C,Humidity,33.21799850463867
1646410754,C,Pressure,101613.0
1646410754,C,Gas,1261.6610107421875
1646410754,C,Accelerometer,0.0
1646410754,C,Light,1102.0
1646410754,C,MIC,3.0
1646410754,C,RSSI,79.0
1646410754,E,Temperature,22.225000381469727
1646410754,E,Humidity,32.792999267578125
1646410754,E,Pressure,101595.0
1646410754,E,Gas,3163.801025390625
1646410754,E,Accelerometer,0.0
1646410754,E,Light,3697.0
1646410754,E,MIC,3.0
1646410754,E,RSSI,74.0
1646410754,F,Temperature,21.84499931335449
1646410754,F,Humidity,33.11600112915039
1646410754,F,Pressure,101636.0
1646410754,F,Gas,946.1229858398438
1646410754,F,Accelerometer,0.0
1646410754,F,Light,75.0
1646410754,F,MIC,3.0
1646410754,F,RSSI,77.0
1646410756,G,Temperature,23.01499938964844
1646410756,G,Humidity,33.18399810791016
1646410756,G,Pressure,101618.0
1646410756,G,Gas,1912.5589599609373
1646410756,G,Accelerometer,0.0
1646410756,G,Light,1434.0
1646410756,G,MIC,3.0
1646410756,G,RSSI,69.0
1646410758,A,Temperature,22.7549991607666
1646410758,A,Humidity,33.201000213623054
1646410758,A,Pressure,101591.0
1646410758,A,Gas,1291.9010009765625
1646410758,A,Accelerometer,0.0
1646410758,A,Light,2163.0
1646410758,A,MIC,3.0
1646410758,A,RSSI,78.0
1646410759,H,Temperature,23.895000457763672
1646410759,H,Humidity,28.5049991607666
1646410759,H,Pressure,101606.0
1646410759,H,Gas,4716.166015625
1646410759,H,Accelerometer,0.0
1646410759,H,Light,3581.0
1646410759,H,MIC,3.0
1646410759,H,RSSI,79.0
1646410761,D,Temperature,22.075000762939453
1646410761,D,Humidity,33.36600112915039
1646410761,D,Pressure,101617.0
1646410761,D,Gas,2978.306884765625
1646410761,D,Accelerometer,0.0
1646410761,D,Light,166.0
1646410761,D,MIC,3.0
1646410761,D,RSSI,57.0
1646410763,F,Temperature,21.84499931335449
1646410763,F,Humidity,33.130001068115234
1646410763,F,Pressure,101638.0
1646410763,F,Gas,950.5570068359376
1646410763,F,Accelerometer,0.0
1646410763,F,Light,75.0
1646410763,F,MIC,3.0
1646410763,F,RSSI,77.0
1646410763,C,Temperature,22.90500068664551
1646410763,C,Humidity,33.18099975585937
1646410763,C,Pressure,101613.0
1646410763,C,Gas,1263.2159423828125
1646410763,C,Accelerometer,0.0
1646410763,C,Light,1101.0
1646410763,C,MIC,3.0
1646410763,C,RSSI,79.0
1646410763,E,Temperature,22.225000381469727
1646410763,E,Humidity,32.80099868774414
1646410763,E,Pressure,101597.0
1646410763,E,Gas,3161.93505859375
1646410763,E,Accelerometer,0.0
1646410763,E,Light,3704.0
1646410763,E,MIC,3.0
1646410763,E,RSSI,76.0
1646410767,G,Temperature,23.01499938964844
1646410767,G,Humidity,33.16299819946289
1646410767,G,Pressure,101618.0
1646410767,G,Gas,1910.112060546875
1646410767,G,Accelerometer,0.0
1646410767,G,Light,1432.0
1646410767,G,MIC,3.0
1646410767,G,RSSI,69.0
1646410768,A,Temperature,22.76499938964844
1646410768,A,Humidity,33.18899917602539
1646410768,A,Pressure,101595.0
1646410768,A,Gas,1283.343017578125
1646410768,A,Accelerometer,0.0
1646410768,A,Light,2173.0
1646410768,A,MIC,3.0
1646410768,A,RSSI,78.0
1646410770,H,Temperature,23.895000457763672
1646410770,H,Humidity,28.493000030517567
1646410770,H,Pressure,101606.0
1646410770,H,Gas,4714.0732421875
1646410770,H,Accelerometer,0.0
1646410770,H,Light,3579.0
1646410770,H,MIC,3.0
1646410770,H,RSSI,79.0
1646410771,D,Temperature,22.084999084472656
1646410771,D,Humidity,33.33599853515625
1646410771,D,Pressure,101617.0
1646410771,D,Gas,2979.419921875
1646410771,D,Accelerometer,0.0
1646410771,D,Light,167.0
1646410771,D,MIC,3.0
1646410771,D,RSSI,57.0
1646410773,F,Temperature,21.854999542236328
1646410773,F,Humidity,33.089000701904304
1646410773,F,Pressure,101638.0
1646410773,F,Gas,945.2760009765624
1646410773,F,Accelerometer,0.0
1646410773,F,Light,76.0
1646410773,F,MIC,3.0
1646410773,F,RSSI,77.0
1646410773,E,Temperature,22.225000381469727
1646410773,E,Humidity,32.79700088500977
1646410773,E,Pressure,101595.0
1646410773,E,Gas,3170.006103515625
1646410773,E,Accelerometer,0.0
1646410773,E,Light,3702.0
1646410773,E,MIC,3.0
1646410773,E,RSSI,76.0
1646410774,C,Temperature,22.88500022888184
1646410774,C,Humidity,33.19699859619141
1646410774,C,Pressure,101611.0
1646410774,C,Gas,1246.112060546875
1646410774,C,Accelerometer,0.0
1646410774,C,Light,1104.0
1646410774,C,MIC,3.0
1646410774,C,RSSI,79.0
1646410776,G,Temperature,23.024999618530273
1646410776,G,Humidity,33.137001037597656
1646410776,G,Pressure,101616.0
1646410776,G,Gas,1913.781982421875
1646410776,G,Accelerometer,0.0
1646410776,G,Light,1430.0
1646410776,G,MIC,3.0
1646410776,G,RSSI,69.0
1646410777,A,Temperature,22.76499938964844
1646410777,A,Humidity,33.152999877929695
1646410777,A,Pressure,101595.0
1646410777,A,Gas,1294.8790283203125
1646410777,A,Accelerometer,0.0
1646410777,A,Light,2173.0
1646410777,A,MIC,3.0
1646410777,A,RSSI,78.0
1646410778,B,Temperature,22.92499923706055
1646410778,B,Humidity,32.067001342773445
1646410778,B,Pressure,101549.0
1646410778,B,Gas,5069.201171875
1646410778,B,Accelerometer,0.0
1646410778,B,Light,644.0
1646410778,B,MIC,3.0
1646410778,B,RSSI,88.0
1646410781,H,Temperature,23.875
1646410781,H,Humidity,28.53899955749512
1646410781,H,Pressure,101606.0
1646410781,H,Gas,4727.4140625
1646410781,H,Accelerometer,0.0
1646410781,H,Light,3581.0
1646410781,H,MIC,3.0
1646410781,H,RSSI,79.0
1646410781,D,Temperature,22.084999084472656
1646410781,D,Humidity,33.34400177001953
1646410781,D,Pressure,101621.0
1646410781,D,Gas,2998.7880859375
1646410781,D,Accelerometer,0.0
1646410781,D,Light,168.0
1646410781,D,MIC,3.0
1646410781,D,RSSI,57.0
1646410783,F,Temperature,21.84499931335449
1646410783,F,Humidity,33.09600067138672
1646410783,F,Pressure,101638.0
1646410783,F,Gas,931.5809936523438
1646410783,F,Accelerometer,0.0
1646410783,F,Light,77.0
1646410783,F,MIC,3.0
1646410783,F,RSSI,77.0
1646410784,E,Temperature,22.21500015258789
1646410784,E,Humidity,32.81800079345703
1646410784,E,Pressure,101593.0
1646410784,E,Gas,3171.694091796875
1646410784,E,Accelerometer,0.0
1646410784,E,Light,3705.0
1646410784,E,MIC,3.0
1646410784,E,RSSI,76.0
1646410784,C,Temperature,22.88500022888184
1646410784,C,Humidity,33.19699859619141
1646410784,C,Pressure,101611.0
1646410784,C,Gas,1265.6629638671875
1646410784,C,Accelerometer,0.0
1646410784,C,Light,1102.0
1646410784,C,MIC,3.0
1646410784,C,RSSI,89.0
1646410785,G,Temperature,23.024999618530273
1646410785,G,Humidity,33.150001525878906
1646410785,G,Pressure,101616.0
1646410785,G,Gas,1912.5699462890625
1646410785,G,Accelerometer,0.0
1646410785,G,Light,1433.0
1646410785,G,MIC,3.0
1646410785,G,RSSI,69.0
1646410788,A,Temperature,22.76499938964844
1646410788,A,Humidity,33.17100143432617
1646410788,A,Pressure,101595.0
1646410788,A,Gas,1299.197021484375
1646410788,A,Accelerometer,0.0
1646410788,A,Light,2169.0
1646410788,A,MIC,3.0
1646410788,A,RSSI,78.0
1646410790,H,Temperature,23.88500022888184
1646410790,H,Humidity,28.52300071716309
1646410790,H,Pressure,101604.0
1646410790,H,Gas,4732.1298828125
1646410790,H,Accelerometer,0.0
1646410790,H,Light,3579.0
1646410790,H,MIC,3.0
1646410790,H,RSSI,78.0
1646410791,D,Temperature,22.065000534057614
1646410791,D,Humidity,33.36999893188477
1646410791,D,Pressure,101619.0
1646410791,D,Gas,3001.212890625
1646410791,D,Accelerometer,0.0
1646410791,D,Light,170.0
1646410791,D,MIC,3.0
1646410791,D,RSSI,57.0
1646410793,E,Temperature,22.21500015258789
1646410793,E,Humidity,32.80500030517578
1646410793,E,Pressure,101593.0
1646410793,E,Gas,3167.93603515625
1646410793,E,Accelerometer,0.0
1646410793,E,Light,3709.0
1646410793,E,MIC,3.0
1646410793,E,RSSI,76.0
1646410794,F,Temperature,21.84499931335449
1646410794,F,Humidity,33.097000122070305
1646410794,F,Pressure,101638.0
1646410794,F,Gas,935.1790161132812
1646410794,F,Accelerometer,0.0
1646410794,F,Light,77.0
1646410794,F,MIC,3.0
1646410794,F,RSSI,77.0
1646410795,C,Temperature,22.895000457763672
1646410795,C,Humidity,33.18399810791016
1646410795,C,Pressure,101613.0
1646410795,C,Gas,1262.8289794921875
1646410795,C,Accelerometer,0.0
1646410795,C,Light,1101.0
1646410795,C,MIC,3.0
1646410795,C,RSSI,89.0
1646410795,G,Temperature,23.024999618530273
1646410795,G,Humidity,33.141998291015625
1646410795,G,Pressure,101614.0
1646410795,G,Gas,1913.427978515625
1646410795,G,Accelerometer,0.0
1646410795,G,Light,1436.0
1646410795,G,MIC,3.0
1646410795,G,RSSI,71.0
1646410797,A,Temperature,22.774999618530273
1646410797,A,Humidity,33.1510009765625
1646410797,A,Pressure,101595.0
1646410797,A,Gas,1314.718017578125
1646410797,A,Accelerometer,0.0
1646410797,A,Light,2157.0
1646410797,A,MIC,3.0
1646410797,A,RSSI,81.0
1646410799,H,Temperature,23.875
1646410799,H,Humidity,28.53700065612793
1646410799,H,Pressure,101604.0
1646410799,H,Gas,4744.52978515625
1646410799,H,Accelerometer,0.0
1646410799,H,Light,3576.0
1646410799,H,MIC,3.0
1646410799,H,RSSI,78.0
1646410801,D,Temperature,22.05500030517578
1646410801,D,Humidity,33.37200164794922
1646410801,D,Pressure,101619.0
1646410801,D,Gas,2991.06103515625
1646410801,D,Accelerometer,0.0
1646410801,D,Light,171.0
1646410801,D,MIC,3.0
1646410801,D,RSSI,52.0
1646410803,E,Temperature,22.225000381469727
1646410803,E,Humidity,32.78900146484375
1646410803,E,Pressure,101595.0
1646410803,E,Gas,3171.1689453125
1646410803,E,Accelerometer,0.0
1646410803,E,Light,3702.0
1646410803,E,MIC,3.0
1646410803,E,RSSI,76.0
1646410804,C,Temperature,22.90500068664551
1646410804,C,Humidity,33.207000732421875
1646410804,C,Pressure,101613.0
1646410804,C,Gas,1265.696044921875
1646410804,C,Accelerometer,0.0
1646410804,C,Light,1110.0
1646410804,C,MIC,3.0
1646410804,C,RSSI,89.0
1646410804,F,Temperature,21.84499931335449
1646410804,F,Humidity,33.12099838256836
1646410804,F,Pressure,101638.0
1646410804,F,Gas,930.6069946289062
1646410804,F,Accelerometer,0.0
1646410804,F,Light,78.0
1646410804,F,MIC,3.0
1646410804,F,RSSI,77.0
1646410806,G,Temperature,23.03499984741211
1646410806,G,Humidity,33.11800003051758
1646410806,G,Pressure,101620.0
1646410806,G,Gas,1906.68603515625
1646410806,G,Accelerometer,0.0
1646410806,G,Light,1438.0
1646410806,G,MIC,3.0
1646410806,G,RSSI,71.0
1646410807,A,Temperature,22.76499938964844
1646410807,A,Humidity,33.18600082397461
1646410807,A,Pressure,101595.0
1646410807,A,Gas,1313.64404296875
1646410807,A,Accelerometer,0.0
1646410807,A,Light,2163.0
1646410807,A,MIC,3.0
1646410807,A,RSSI,81.0
1646410810,H,Temperature,23.854999542236328
1646410810,H,Humidity,28.58300018310547
1646410810,H,Pressure,101604.0
1646410810,H,Gas,4745.2431640625
1646410810,H,Accelerometer,0.0
1646410810,H,Light,3569.0
1646410810,H,MIC,3.0
1646410810,H,RSSI,78.0
1646410811,D,Temperature,22.065000534057614
1646410811,D,Humidity,33.36100006103516
1646410811,D,Pressure,101617.0
1646410811,D,Gas,2998.677978515625
1646410811,D,Accelerometer,0.0
1646410811,D,Light,172.0
1646410811,D,MIC,3.0
1646410811,D,RSSI,52.0
1646410813,E,Temperature,22.225000381469727
1646410813,E,Humidity,32.786998748779304
1646410813,E,Pressure,101595.0
1646410813,E,Gas,3169.10888671875
1646410813,E,Accelerometer,0.0
1646410813,E,Light,3693.0
1646410813,E,MIC,3.0
1646410813,E,RSSI,60.0
1646410813,F,Temperature,21.834999084472656
1646410813,F,Humidity,33.12099838256836
1646410813,F,Pressure,101636.0
1646410813,F,Gas,929.4940185546876
1646410813,F,Accelerometer,0.0
1646410813,F,Light,80.0
1646410813,F,MIC,3.0
1646410813,F,RSSI,77.0
1646410814,C,Temperature,22.895000457763672
1646410814,C,Humidity,33.2239990234375
1646410814,C,Pressure,101611.0
1646410814,C,Gas,1266.85302734375
1646410814,C,Accelerometer,0.0
1646410814,C,Light,1104.0
1646410814,C,MIC,3.0
1646410814,C,RSSI,89.0
1646410816,G,Temperature,23.024999618530273
1646410816,G,Humidity,33.09600067138672
1646410816,G,Pressure,101614.0
1646410816,G,Gas,1884.4439697265625
1646410816,G,Accelerometer,0.0
1646410816,G,Light,1426.0
1646410816,G,MIC,3.0
1646410816,G,RSSI,71.0
1646410817,A,Temperature,22.76499938964844
1646410817,A,Humidity,33.191001892089844
1646410817,A,Pressure,101595.0
1646410817,A,Gas,1315.52099609375
1646410817,A,Accelerometer,0.0
1646410817,A,Light,2171.0
1646410817,A,MIC,3.0
1646410817,A,RSSI,81.0
1646410821,H,Temperature,23.84499931335449
1646410821,H,Humidity,28.613000869750977
1646410821,H,Pressure,101602.0
1646410821,H,Gas,4747.6181640625
1646410821,H,Accelerometer,0.0
1646410821,H,Light,3570.0
1646410821,H,MIC,2.0
1646410821,H,RSSI,78.0
1646410821,D,Temperature,22.065000534057614
1646410821,D,Humidity,33.35499954223633
1646410821,D,Pressure,101619.0
1646410821,D,Gas,2983.720947265625
1646410821,D,Accelerometer,0.0
1646410821,D,Light,172.0
1646410821,D,MIC,3.0
1646410821,D,RSSI,52.0
1646410823,E,Temperature,22.21500015258789
1646410823,E,Humidity,32.80199813842773
1646410823,E,Pressure,101597.0
1646410823,E,Gas,3170.376953125
1646410823,E,Accelerometer,0.0
1646410823,E,Light,3696.0
1646410823,E,MIC,3.0
1646410823,E,RSSI,60.0
1646410824,F,Temperature,21.84499931335449
1646410824,F,Humidity,33.123001098632805
1646410824,F,Pressure,101638.0
1646410824,F,Gas,932.4719848632812
1646410824,F,Accelerometer,0.0
1646410824,F,Light,80.0
1646410824,F,MIC,3.0
1646410824,F,RSSI,77.0
1646410826,G,Temperature,23.03499984741211
1646410826,G,Humidity,33.075000762939446
1646410826,G,Pressure,101618.0
1646410826,G,Gas,1888.5350341796875
1646410826,G,Accelerometer,0.0
1646410826,G,Light,1428.0
1646410826,G,MIC,3.0
1646410826,G,RSSI,71.0
1646410828,A,Temperature,22.7549991607666
1646410828,A,Humidity,33.21200180053711
1646410828,A,Pressure,101589.0
1646410828,A,Gas,1321.1280517578125
1646410828,A,Accelerometer,0.0
1646410828,A,Light,2170.0
1646410828,A,MIC,3.0
1646410828,A,RSSI,81.0
1646410828,C,Temperature,22.895000457763672
1646410828,C,Humidity,33.242000579833984
1646410828,C,Pressure,101611.0
1646410828,C,Gas,1258.1400146484375
1646410828,C,Accelerometer,0.0
1646410828,C,Light,1113.0
1646410828,C,MIC,3.0
1646410828,C,RSSI,89.0
1646410829,H,Temperature,23.854999542236328
1646410829,H,Humidity,28.58099937438965
1646410829,H,Pressure,101606.0
1646410829,H,Gas,4754.80908203125
1646410829,H,Accelerometer,0.0
1646410829,H,Light,3569.0
1646410829,H,MIC,2.0
1646410829,H,RSSI,78.0
1646410831,D,Temperature,22.065000534057614
1646410831,D,Humidity,33.35699844360352
1646410831,D,Pressure,101619.0
1646410831,D,Gas,2991.072021484375
1646410831,D,Accelerometer,0.0
1646410831,D,Light,174.0
1646410831,D,MIC,3.0
1646410831,D,RSSI,52.0
1646410833,F,Temperature,21.84499931335449
1646410833,F,Humidity,33.11999893188477
1646410833,F,Pressure,101638.0
1646410833,F,Gas,938.0800170898438
1646410833,F,Accelerometer,0.0
1646410833,F,Light,80.0
1646410833,F,MIC,3.0
1646410833,F,RSSI,78.0
1646410833,E,Temperature,22.21500015258789
1646410833,E,Humidity,32.807998657226555
1646410833,E,Pressure,101595.0
1646410833,E,Gas,3174.156982421875
1646410833,E,Accelerometer,0.0
1646410833,E,Light,3708.0
1646410833,E,MIC,3.0
1646410833,E,RSSI,60.0
1646410836,G,Temperature,23.024999618530273
1646410836,G,Humidity,33.07199859619141
1646410836,G,Pressure,101618.0
1646410836,G,Gas,1879.8170166015625
1646410836,G,Accelerometer,0.0
1646410836,G,Light,1436.0
1646410836,G,MIC,3.0
1646410836,G,RSSI,71.0
1646410836,C,Temperature,22.90500068664551
1646410836,C,Humidity,33.248001098632805
1646410836,C,Pressure,101611.0
1646410836,C,Gas,1265.6070556640625
1646410836,C,Accelerometer,0.0
1646410836,C,Light,1115.0
1646410836,C,MIC,3.0
1646410836,C,RSSI,79.0
1646410839,A,Temperature,22.76499938964844
1646410839,A,Humidity,33.19499969482422
1646410839,A,Pressure,101595.0
1646410839,A,Gas,1330.4219970703125
1646410839,A,Accelerometer,0.0
1646410839,A,Light,2167.0
1646410839,A,MIC,3.0
1646410839,A,RSSI,81.0
1646410840,H,Temperature,23.864999771118164
1646410840,H,Humidity,28.590999603271484
1646410840,H,Pressure,101604.0
1646410840,H,Gas,4745.869140625
1646410840,H,Accelerometer,0.0
1646410840,H,Light,3568.0
1646410840,H,MIC,2.0
1646410840,H,RSSI,94.0
1646410841,D,Temperature,22.05500030517578
1646410841,D,Humidity,33.375
1646410841,D,Pressure,101615.0
1646410841,D,Gas,2981.97705078125
1646410841,D,Accelerometer,0.0
1646410841,D,Light,174.0
1646410841,D,MIC,3.0
1646410841,D,RSSI,52.0
1646410843,E,Temperature,22.21500015258789
1646410843,E,Humidity,32.80699920654297
1646410843,E,Pressure,101595.0
1646410843,E,Gas,3179.422119140625
1646410843,E,Accelerometer,0.0
1646410843,E,Light,3707.0
1646410843,E,MIC,3.0
1646410843,E,RSSI,60.0
1646410843,C,Temperature,22.895000457763672
1646410843,C,Humidity,33.25
1646410843,C,Pressure,101613.0
1646410843,C,Gas,1254.35400390625
1646410843,C,Accelerometer,0.0
1646410843,C,Light,1120.0
1646410843,C,MIC,3.0
1646410843,C,RSSI,79.0
1646410843,F,Temperature,21.84499931335449
1646410843,F,Humidity,33.12400054931641
1646410843,F,Pressure,101638.0
1646410843,F,Gas,946.2830200195312
1646410843,F,Accelerometer,0.0
1646410843,F,Light,81.0
1646410843,F,MIC,3.0
1646410843,F,RSSI,78.0
1646410846,G,Temperature,23.024999618530273
1646410846,G,Humidity,33.075000762939446
1646410846,G,Pressure,101620.0
1646410846,G,Gas,1878.4000244140625
1646410846,G,Accelerometer,0.0
1646410846,G,Light,1436.0
1646410846,G,MIC,3.0
1646410846,G,RSSI,75.0
1646410847,A,Temperature,22.76499938964844
1646410847,A,Humidity,33.16400146484375
1646410847,A,Pressure,101595.0
1646410847,A,Gas,1331.3740234375
1646410847,A,Accelerometer,0.0
1646410847,A,Light,2162.0
1646410847,A,MIC,3.0
1646410847,A,RSSI,82.0
1646410849,H,Temperature,23.875
1646410849,H,Humidity,28.54599952697754
1646410849,H,Pressure,101602.0
1646410849,H,Gas,4740.7158203125
1646410849,H,Accelerometer,0.0
1646410849,H,Light,3572.0
1646410849,H,MIC,2.0
1646410849,H,RSSI,94.0
1646410851,D,Temperature,22.05500030517578
1646410851,D,Humidity,33.367000579833984
1646410851,D,Pressure,101619.0
1646410851,D,Gas,2994.238037109375
1646410851,D,Accelerometer,0.0
1646410851,D,Light,175.0
1646410851,D,MIC,3.0
1646410851,D,RSSI,52.0
1646410854,E,Temperature,22.225000381469727
1646410854,E,Humidity,32.786998748779304
1646410854,E,Pressure,101593.0
1646410854,E,Gas,3191.18505859375
1646410854,E,Accelerometer,0.0
1646410854,E,Light,3705.0
1646410854,E,MIC,3.0
1646410854,E,RSSI,60.0
1646410854,C,Temperature,22.88500022888184
1646410854,C,Humidity,33.23699951171875
1646410854,C,Pressure,101611.0
1646410854,C,Gas,1248.053955078125
1646410854,C,Accelerometer,0.0
1646410854,C,Light,1117.0
1646410854,C,MIC,3.0
1646410854,C,RSSI,79.0
1646410855,F,Temperature,21.84499931335449
1646410855,F,Humidity,33.112998962402344
1646410855,F,Pressure,101640.0
1646410855,F,Gas,946.6539916992188
1646410855,F,Accelerometer,0.0
1646410855,F,Light,82.0
1646410855,F,MIC,3.0
1646410855,F,RSSI,78.0
1646410857,G,Temperature,23.03499984741211
1646410857,G,Humidity,33.05500030517578
1646410857,G,Pressure,101620.0
1646410857,G,Gas,1876.302001953125
1646410857,G,Accelerometer,0.0
1646410857,G,Light,1439.0
1646410857,G,MIC,3.0
1646410857,G,RSSI,75.0
1646410858,A,Temperature,22.76499938964844
1646410858,A,Humidity,33.154998779296875
1646410858,A,Pressure,101593.0
1646410858,A,Gas,1324.6820068359375
1646410858,A,Accelerometer,0.0
1646410858,A,Light,2171.0
1646410858,A,MIC,3.0
1646410858,A,RSSI,82.0
1646410860,H,Temperature,23.875
1646410860,H,Humidity,28.572999954223643
1646410860,H,Pressure,101604.0
1646410860,H,Gas,4745.06689453125
1646410860,H,Accelerometer,0.0
1646410860,H,Light,3571.0
1646410860,H,MIC,2.0
1646410860,H,RSSI,94.0
1646410861,D,Temperature,22.05500030517578
1646410861,D,Humidity,33.347999572753906
1646410861,D,Pressure,101619.0
1646410861,D,Gas,2988.01708984375
1646410861,D,Accelerometer,0.0
1646410861,D,Light,175.0
1646410861,D,MIC,3.0
1646410861,D,RSSI,72.0
1646410863,F,Temperature,21.834999084472656
1646410863,F,Humidity,33.12900161743164
1646410863,F,Pressure,101636.0
1646410863,F,Gas,937.1829833984376
1646410863,F,Accelerometer,0.0
1646410863,F,Light,83.0
1646410863,F,MIC,3.0
1646410863,F,RSSI,78.0
1646410863,E,Temperature,22.23500061035156
1646410863,E,Humidity,32.77700042724609
1646410863,E,Pressure,101595.0
1646410863,E,Gas,3196.962890625
1646410863,E,Accelerometer,0.0
1646410863,E,Light,3702.0
1646410863,E,MIC,3.0
1646410863,E,RSSI,58.0
1646410864,C,Temperature,22.88500022888184
1646410864,C,Humidity,33.24100112915039
1646410864,C,Pressure,101609.0
1646410864,C,Gas,1252.6099853515625
1646410864,C,Accelerometer,0.0
1646410864,C,Light,1125.0
1646410864,C,MIC,3.0
1646410864,C,RSSI,79.0
1646410866,G,Temperature,23.024999618530273
1646410866,G,Humidity,33.05099868774414
1646410866,G,Pressure,101618.0
1646410866,G,Gas,1854.39794921875
1646410866,G,Accelerometer,0.0
1646410866,G,Light,1435.0
1646410866,G,MIC,3.0
1646410866,G,RSSI,75.0
1646410868,A,Temperature,22.7549991607666
1646410868,A,Humidity,33.18600082397461
1646410868,A,Pressure,101587.0
1646410868,A,Gas,1326.2979736328125
1646410868,A,Accelerometer,0.0
1646410868,A,Light,2164.0
1646410868,A,MIC,3.0
1646410868,A,RSSI,82.0
1646410869,H,Temperature,23.875
1646410869,H,Humidity,28.56100082397461
1646410869,H,Pressure,101604.0
1646410869,H,Gas,4750.4970703125
1646410869,H,Accelerometer,0.0
1646410869,H,Light,3572.0
1646410869,H,MIC,2.0
1646410869,H,RSSI,94.0
1646410871,D,Temperature,22.05500030517578
1646410871,D,Humidity,33.375999450683594
1646410871,D,Pressure,101617.0
1646410871,D,Gas,2985.22705078125
1646410871,D,Accelerometer,0.0
1646410871,D,Light,176.0
1646410871,D,MIC,3.0
1646410871,D,RSSI,72.0
1646410873,F,Temperature,21.834999084472656
1646410873,F,Humidity,33.11800003051758
1646410873,F,Pressure,101632.0
1646410873,F,Gas,950.1690063476562
1646410873,F,Accelerometer,0.0
1646410873,F,Light,85.0
1646410873,F,MIC,3.0
1646410873,F,RSSI,78.0
1646410874,C,Temperature,22.895000457763672
1646410874,C,Humidity,33.248001098632805
1646410874,C,Pressure,101613.0
1646410874,C,Gas,1265.35302734375
1646410874,C,Accelerometer,0.0
1646410874,C,Light,1130.0
1646410874,C,MIC,3.0
1646410874,C,RSSI,79.0
1646410874,E,Temperature,22.23500061035156
1646410874,E,Humidity,32.77199935913086
1646410874,E,Pressure,101595.0
1646410874,E,Gas,3200.555908203125
1646410874,E,Accelerometer,0.0
1646410874,E,Light,3707.0
1646410874,E,MIC,3.0
1646410874,E,RSSI,58.0
1646410876,G,Temperature,23.03499984741211
1646410876,G,Humidity,33.044998168945305
1646410876,G,Pressure,101620.0
1646410876,G,Gas,1850.1910400390625
1646410876,G,Accelerometer,0.0
1646410876,G,Light,1439.0
1646410876,G,MIC,3.0
1646410876,G,RSSI,75.0
1646410878,A,Temperature,22.76499938964844
1646410878,A,Humidity,33.17699813842773
1646410878,A,Pressure,101593.0
1646410878,A,Gas,1335.343017578125
1646410878,A,Accelerometer,0.0
1646410878,A,Light,2161.0
1646410878,A,MIC,3.0
1646410878,A,RSSI,82.0
1646410880,H,Temperature,23.88500022888184
1646410880,H,Humidity,28.54700088500977
1646410880,H,Pressure,101600.0
1646410880,H,Gas,4753.94580078125
1646410880,H,Accelerometer,0.0
1646410880,H,Light,3572.0
1646410880,H,MIC,2.0
1646410880,H,RSSI,94.0
1646410882,D,Temperature,22.05500030517578
1646410882,D,Humidity,33.35900115966797
1646410882,D,Pressure,101617.0
1646410882,D,Gas,2976.87890625
1646410882,D,Accelerometer,0.0
1646410882,D,Light,176.0
1646410882,D,MIC,3.0
1646410882,D,RSSI,72.0
1646410883,C,Temperature,22.895000457763672
1646410883,C,Humidity,33.277999877929695
1646410883,C,Pressure,101611.0
1646410883,C,Gas,1265.197998046875
1646410883,C,Accelerometer,0.0
1646410883,C,Light,1132.0
1646410883,C,MIC,3.0
1646410883,C,RSSI,79.0
1646410884,F,Temperature,21.834999084472656
1646410884,F,Humidity,33.13399887084961
1646410884,F,Pressure,101636.0
1646410884,F,Gas,950.39599609375
1646410884,F,Accelerometer,0.0
1646410884,F,Light,86.0
1646410884,F,MIC,3.0
1646410884,F,RSSI,73.0
1646410884,E,Temperature,22.23500061035156
1646410884,E,Humidity,32.762001037597656
1646410884,E,Pressure,101595.0
1646410884,E,Gas,3191.301025390625
1646410884,E,Accelerometer,0.0
1646410884,E,Light,3704.0
1646410884,E,MIC,3.0
1646410884,E,RSSI,58.0
1646410886,G,Temperature,23.024999618530273
1646410886,G,Humidity,33.05899810791016
1646410886,G,Pressure,101616.0
1646410886,G,Gas,1851.2760009765625
1646410886,G,Accelerometer,0.0
1646410886,G,Light,1440.0
1646410886,G,MIC,3.0
1646410886,G,RSSI,75.0
1646410888,A,Temperature,22.76499938964844
1646410888,A,Humidity,33.18899917602539
1646410888,A,Pressure,101591.0
1646410888,A,Gas,1337.3470458984375
1646410888,A,Accelerometer,0.0
1646410888,A,Light,2169.0
1646410888,A,MIC,3.0
1646410888,A,RSSI,82.0
1646410890,H,Temperature,23.895000457763672
1646410890,H,Humidity,28.52599906921387
1646410890,H,Pressure,101606.0
1646410890,H,Gas,4758.921875
1646410890,H,Accelerometer,0.0
1646410890,H,Light,3573.0
1646410890,H,MIC,2.0
1646410890,H,RSSI,87.0
1646410892,D,Temperature,22.05500030517578
1646410892,D,Humidity,33.37099838256836
1646410892,D,Pressure,101617.0
1646410892,D,Gas,2985.01611328125
1646410892,D,Accelerometer,0.0
1646410892,D,Light,177.0
1646410892,D,MIC,3.0
1646410892,D,RSSI,72.0
1646410893,F,Temperature,21.834999084472656
1646410893,F,Humidity,33.137001037597656
1646410893,F,Pressure,101636.0
1646410893,F,Gas,943.405029296875
1646410893,F,Accelerometer,0.0
1646410893,F,Light,87.0
1646410893,F,MIC,3.0
1646410893,F,RSSI,73.0
1646410894,C,Temperature,22.88500022888184
1646410894,C,Humidity,33.24499893188477
1646410894,C,Pressure,101611.0
1646410894,C,Gas,1272.0009765625
1646410894,C,Accelerometer,0.0
1646410894,C,Light,1134.0
1646410894,C,MIC,3.0
1646410894,C,RSSI,79.0
1646410894,E,Temperature,22.225000381469727
1646410894,E,Humidity,32.773998260498054
1646410894,E,Pressure,101591.0
1646410894,E,Gas,3194.5830078125
1646410894,E,Accelerometer,0.0
1646410894,E,Light,3710.0
1646410894,E,MIC,3.0
1646410894,E,RSSI,58.0
1646410896,G,Temperature,23.01499938964844
1646410896,G,Humidity,33.112998962402344
1646410896,G,Pressure,101616.0
1646410896,G,Gas,1854.9959716796875
1646410896,G,Accelerometer,0.0
1646410896,G,Light,1442.0
1646410896,G,MIC,3.0
1646410896,G,RSSI,71.0
1646410898,A,Temperature,22.76499938964844
1646410898,A,Humidity,33.17200088500977
1646410898,A,Pressure,101591.0
1646410898,A,Gas,1340.1920166015625
1646410898,A,Accelerometer,0.0
1646410898,A,Light,2171.0
1646410898,A,MIC,3.0
1646410898,A,RSSI,80.0
1646410900,H,Temperature,23.90500068664551
1646410900,H,Humidity,28.52199935913086
1646410900,H,Pressure,101604.0
1646410900,H,Gas,4762.9189453125
1646410900,H,Accelerometer,0.0
1646410900,H,Light,3575.0
1646410900,H,MIC,2.0
1646410900,H,RSSI,87.0
1646410902,D,Temperature,22.065000534057614
1646410902,D,Humidity,33.35599899291992
1646410902,D,Pressure,101619.0
1646410902,D,Gas,2986.655029296875
1646410902,D,Accelerometer,0.0
1646410902,D,Light,178.0
1646410902,D,MIC,3.0
1646410902,D,RSSI,54.0
1646410904,F,Temperature,21.84499931335449
1646410904,F,Humidity,33.134998321533196
1646410904,F,Pressure,101636.0
1646410904,F,Gas,946.5880126953124
1646410904,F,Accelerometer,0.0
1646410904,F,Light,88.0
1646410904,F,MIC,3.0
1646410904,F,RSSI,73.0
1646410904,C,Temperature,22.875
1646410904,C,Humidity,33.255001068115234
1646410904,C,Pressure,101611.0
1646410904,C,Gas,1269.2769775390625
1646410904,C,Accelerometer,0.0
1646410904,C,Light,1144.0
1646410904,C,MIC,3.0
1646410904,C,RSSI,79.0
1646410906,E,Temperature,22.225000381469727
1646410906,E,Humidity,32.770999908447266
1646410906,E,Pressure,101593.0
1646410906,E,Gas,3198.72412109375
1646410906,E,Accelerometer,0.0
1646410906,E,Light,3706.0
1646410906,E,MIC,3.0
1646410906,E,RSSI,58.0
1646410907,G,Temperature,23.024999618530273
1646410907,G,Humidity,33.14699935913086
1646410907,G,Pressure,101616.0
1646410907,G,Gas,1841.4949951171875
1646410907,G,Accelerometer,0.0
1646410907,G,Light,1440.0
1646410907,G,MIC,3.0
1646410907,G,RSSI,71.0
1646410908,A,Temperature,22.774999618530273
1646410908,A,Humidity,33.16299819946289
1646410908,A,Pressure,101593.0
1646410908,A,Gas,1344.0780029296875
1646410908,A,Accelerometer,0.0
1646410908,A,Light,2170.0
1646410908,A,MIC,3.0
1646410908,A,RSSI,80.0
1646410910,H,Temperature,23.895000457763672
1646410910,H,Humidity,28.54199981689453
1646410910,H,Pressure,101604.0
1646410910,H,Gas,4731.7041015625
1646410910,H,Accelerometer,0.0
1646410910,H,Light,3574.0
1646410910,H,MIC,2.0
1646410910,H,RSSI,87.0
1646410912,D,Temperature,22.065000534057614
1646410912,D,Humidity,33.3489990234375
1646410912,D,Pressure,101617.0
1646410912,D,Gas,2985.0830078125
1646410912,D,Accelerometer,0.0
1646410912,D,Light,178.0
1646410912,D,MIC,3.0
1646410912,D,RSSI,54.0
1646410913,E,Temperature,22.225000381469727
1646410913,E,Humidity,32.77199935913086
1646410913,E,Pressure,101595.0
1646410913,E,Gas,3200.826904296875
1646410913,E,Accelerometer,0.0
1646410913,E,Light,3707.0
1646410913,E,MIC,3.0
1646410913,E,RSSI,75.0
1646410914,F,Temperature,21.84499931335449
1646410914,F,Humidity,33.117000579833984
1646410914,F,Pressure,101636.0
1646410914,F,Gas,949.1619873046876
1646410914,F,Accelerometer,0.0
1646410914,F,Light,89.0
1646410914,F,MIC,3.0
1646410914,F,RSSI,73.0
1646410914,C,Temperature,22.875
1646410914,C,Humidity,33.2760009765625
1646410914,C,Pressure,101609.0
1646410914,C,Gas,1272.051025390625
1646410914,C,Accelerometer,0.0
1646410914,C,Light,1146.0
1646410914,C,MIC,3.0
1646410914,C,RSSI,79.0
1646410916,G,Temperature,23.024999618530273
1646410916,G,Humidity,33.167999267578125
1646410916,G,Pressure,101613.0
1646410916,G,Gas,1850.72802734375
1646410916,G,Accelerometer,0.0
1646410916,G,Light,1435.0
1646410916,G,MIC,3.0
1646410916,G,RSSI,71.0
1646410919,A,Temperature,22.774999618530273
1646410919,A,Humidity,33.194000244140625
1646410919,A,Pressure,101593.0
1646410919,A,Gas,1344.697998046875
1646410919,A,Accelerometer,0.0
1646410919,A,Light,2165.0
1646410919,A,MIC,3.0
1646410919,A,RSSI,80.0
1646410920,H,Temperature,23.88500022888184
1646410920,H,Humidity,28.53400039672852
1646410920,H,Pressure,101602.0
1646410920,H,Gas,4736.259765625
1646410920,H,Accelerometer,0.0
1646410920,H,Light,3575.0
1646410920,H,MIC,2.0
1646410920,H,RSSI,87.0
1646410922,D,Temperature,22.075000762939453
1646410922,D,Humidity,33.345001220703125
1646410922,D,Pressure,101617.0
1646410922,D,Gas,2971.465087890625
1646410922,D,Accelerometer,0.0
1646410922,D,Light,179.0
1646410922,D,MIC,3.0
1646410922,D,RSSI,54.0
1646410923,E,Temperature,22.21500015258789
1646410923,E,Humidity,32.80699920654297
1646410923,E,Pressure,101593.0
1646410923,E,Gas,3215.949951171875
1646410923,E,Accelerometer,0.0
1646410923,E,Light,3704.0
1646410923,E,MIC,3.0
1646410923,E,RSSI,75.0
1646410924,F,Temperature,21.834999084472656
1646410924,F,Humidity,33.14099884033203
1646410924,F,Pressure,101634.0
1646410924,F,Gas,951.6079711914062
1646410924,F,Accelerometer,0.0
1646410924,F,Light,90.0
1646410924,F,MIC,3.0
1646410924,F,RSSI,73.0
1646410924,C,Temperature,22.875
1646410924,C,Humidity,33.30899810791016
1646410924,C,Pressure,101611.0
1646410924,C,Gas,1266.321044921875
1646410924,C,Accelerometer,0.0
1646410924,C,Light,1151.0
1646410924,C,MIC,3.0
1646410924,C,RSSI,79.0
1646410926,G,Temperature,23.024999618530273
1646410926,G,Humidity,33.14099884033203
1646410926,G,Pressure,101614.0
1646410926,G,Gas,1857.33203125
1646410926,G,Accelerometer,0.0
1646410926,G,Light,1444.0
1646410926,G,MIC,3.0
1646410926,G,RSSI,71.0
1646410928,A,Temperature,22.76499938964844
1646410928,A,Humidity,33.18600082397461
1646410928,A,Pressure,101593.0
1646410928,A,Gas,1339.9539794921875
1646410928,A,Accelerometer,0.0
1646410928,A,Light,2168.0
1646410928,A,MIC,3.0
1646410928,A,RSSI,80.0
1646410931,H,Temperature,23.88500022888184
1646410931,H,Humidity,28.55500030517578
1646410931,H,Pressure,101602.0
1646410931,H,Gas,4736.52490234375
1646410931,H,Accelerometer,0.0
1646410931,H,Light,3575.0
1646410931,H,MIC,2.0
1646410931,H,RSSI,87.0
1646410932,D,Temperature,22.065000534057614
1646410932,D,Humidity,33.347999572753906
1646410932,D,Pressure,101615.0
1646410932,D,Gas,2962.902099609375
1646410932,D,Accelerometer,0.0
1646410932,D,Light,180.0
1646410932,D,MIC,3.0
1646410932,D,RSSI,54.0
1646410933,E,Temperature,22.225000381469727
1646410933,E,Humidity,32.78300094604492
1646410933,E,Pressure,101593.0
1646410933,E,Gas,3210.404052734375
1646410933,E,Accelerometer,0.0
1646410933,E,Light,3701.0
1646410933,E,MIC,3.0
1646410933,E,RSSI,75.0
1646410934,F,Temperature,21.834999084472656
1646410934,F,Humidity,33.130001068115234
1646410934,F,Pressure,101634.0
1646410934,F,Gas,941.822021484375
1646410934,F,Accelerometer,0.0
1646410934,F,Light,91.0
1646410934,F,MIC,3.0
1646410934,F,RSSI,80.0
1646410934,C,Temperature,22.864999771118164
1646410934,C,Humidity,33.330001831054695
1646410934,C,Pressure,101609.0
1646410934,C,Gas,1266.4759521484375
1646410934,C,Accelerometer,0.0
1646410934,C,Light,1148.0
1646410934,C,MIC,3.0
1646410934,C,RSSI,85.0
1646410936,G,Temperature,23.01499938964844
1646410936,G,Humidity,33.152999877929695
1646410936,G,Pressure,101613.0
1646410936,G,Gas,1839.9169921875
1646410936,G,Accelerometer,0.0
1646410936,G,Light,1447.0
1646410936,G,MIC,3.0
1646410936,G,RSSI,71.0
1646410938,A,Temperature,22.774999618530273
1646410938,A,Humidity,33.16899871826172
1646410938,A,Pressure,101593.0
1646410938,A,Gas,1330.9150390625
1646410938,A,Accelerometer,0.0
1646410938,A,Light,2173.0
1646410938,A,MIC,3.0
1646410938,A,RSSI,80.0
1646410940,H,Temperature,23.90500068664551
1646410940,H,Humidity,28.500999450683594
1646410940,H,Pressure,101602.0
1646410940,H,Gas,4735.5732421875
1646410940,H,Accelerometer,0.0
1646410940,H,Light,3575.0
1646410940,H,MIC,2.0
1646410940,H,RSSI,79.0
1646410942,D,Temperature,22.05500030517578
1646410942,D,Humidity,33.35800170898437
1646410942,D,Pressure,101615.0
1646410942,D,Gas,2970.6298828125
1646410942,D,Accelerometer,0.0
1646410942,D,Light,180.0
1646410942,D,MIC,3.0
1646410942,D,RSSI,54.0
1646410944,E,Temperature,22.225000381469727
1646410944,E,Humidity,32.790000915527344
1646410944,E,Pressure,101593.0
1646410944,E,Gas,3218.912109375
1646410944,E,Accelerometer,0.0
1646410944,E,Light,3706.0
1646410944,E,MIC,3.0
1646410944,E,RSSI,75.0
1646410944,F,Temperature,21.84499931335449
1646410944,F,Humidity,33.14099884033203
1646410944,F,Pressure,101636.0
1646410944,F,Gas,942.9619750976562
1646410944,F,Accelerometer,0.0
1646410944,F,Light,92.0
1646410944,F,MIC,3.0
1646410944,F,RSSI,80.0
1646410945,C,Temperature,22.84499931335449
1646410945,C,Humidity,33.312999725341804
1646410945,C,Pressure,101607.0
1646410945,C,Gas,1267.1629638671875
1646410945,C,Accelerometer,0.0
1646410945,C,Light,1151.0
1646410945,C,MIC,3.0
1646410945,C,RSSI,85.0
1646410946,G,Temperature,23.01499938964844
1646410946,G,Humidity,33.134998321533196
1646410946,G,Pressure,101614.0
1646410946,G,Gas,1830.56201171875
1646410946,G,Accelerometer,0.0
1646410946,G,Light,1441.0
1646410946,G,MIC,3.0
1646410946,G,RSSI,76.0
1646410948,A,Temperature,22.774999618530273
1646410948,A,Humidity,33.178001403808594
1646410948,A,Pressure,101591.0
1646410948,A,Gas,1339.821044921875
1646410948,A,Accelerometer,0.0
1646410948,A,Light,2162.0
1646410948,A,MIC,3.0
1646410948,A,RSSI,80.0
1646410950,H,Temperature,23.895000457763672
1646410950,H,Humidity,28.513999938964844
1646410950,H,Pressure,101600.0
1646410950,H,Gas,4720.77685546875
1646410950,H,Accelerometer,0.0
1646410950,H,Light,3574.0
1646410950,H,MIC,2.0
1646410950,H,RSSI,79.0
1646410952,D,Temperature,22.065000534057614
1646410952,D,Humidity,33.345001220703125
1646410952,D,Pressure,101619.0
1646410952,D,Gas,2975.18505859375
1646410952,D,Accelerometer,0.0
1646410952,D,Light,181.0
1646410952,D,MIC,3.0
1646410952,D,RSSI,57.0
1646410953,E,Temperature,22.225000381469727
1646410953,E,Humidity,32.777999877929695
1646410953,E,Pressure,101591.0
1646410953,E,Gas,3215.031005859375
1646410953,E,Accelerometer,0.0
1646410953,E,Light,3705.0
1646410953,E,MIC,3.0
1646410953,E,RSSI,75.0
1646410954,F,Temperature,21.834999084472656
1646410954,F,Humidity,33.136001586914055
1646410954,F,Pressure,101634.0
1646410954,F,Gas,937.6699829101562
1646410954,F,Accelerometer,0.0
1646410954,F,Light,94.0
1646410954,F,MIC,3.0
1646410954,F,RSSI,80.0
1646410956,G,Temperature,23.01499938964844
1646410956,G,Humidity,33.17200088500977
1646410956,G,Pressure,101614.0
1646410956,G,Gas,1836.4520263671875
1646410956,G,Accelerometer,0.0
1646410956,G,Light,1449.0
1646410956,G,MIC,3.0
1646410956,G,RSSI,76.0
1646410958,A,Temperature,22.76499938964844
1646410958,A,Humidity,33.213001251220696
1646410958,A,Pressure,101593.0
1646410958,A,Gas,1339.655029296875
1646410958,A,Accelerometer,0.0
1646410958,A,Light,2168.0
1646410958,A,MIC,3.0
1646410958,A,RSSI,80.0
1646410958,C,Temperature,22.84499931335449
1646410958,C,Humidity,33.35900115966797
1646410958,C,Pressure,101607.0
1646410958,C,Gas,1257.7750244140625
1646410958,C,Accelerometer,0.0
1646410958,C,Light,1159.0
1646410958,C,MIC,3.0
1646410958,C,RSSI,85.0
1646410960,H,Temperature,23.864999771118164
1646410960,H,Humidity,28.58099937438965
1646410960,H,Pressure,101600.0
1646410960,H,Gas,4719.81884765625
1646410960,H,Accelerometer,0.0
1646410960,H,Light,3566.0
1646410960,H,MIC,3.0
1646410960,H,RSSI,79.0
1646410962,D,Temperature,22.05500030517578
1646410962,D,Humidity,33.36600112915039
1646410962,D,Pressure,101615.0
1646410962,D,Gas,2957.64306640625
1646410962,D,Accelerometer,0.0
1646410962,D,Light,182.0
1646410962,D,MIC,3.0
1646410962,D,RSSI,57.0
1646410963,E,Temperature,22.225000381469727
1646410963,E,Humidity,32.77899932861328
1646410963,E,Pressure,101593.0
1646410963,E,Gas,3209.009033203125
1646410963,E,Accelerometer,0.0
1646410963,E,Light,3708.0
1646410963,E,MIC,3.0
1646410963,E,RSSI,75.0
1646410964,F,Temperature,21.834999084472656
1646410964,F,Humidity,33.11999893188477
1646410964,F,Pressure,101636.0
1646410964,F,Gas,938.406005859375
1646410964,F,Accelerometer,0.0
1646410964,F,Light,95.0
1646410964,F,MIC,3.0
1646410964,F,RSSI,80.0
1646410964,C,Temperature,22.84499931335449
1646410964,C,Humidity,33.34299850463867
1646410964,C,Pressure,101607.0
1646410964,C,Gas,1266.676025390625
1646410964,C,Accelerometer,0.0
1646410964,C,Light,1161.0
1646410964,C,MIC,3.0
1646410964,C,RSSI,85.0
1646410966,G,Temperature,23.01499938964844
1646410966,G,Humidity,33.18099975585937
1646410966,G,Pressure,101616.0
1646410966,G,Gas,1843.593017578125
1646410966,G,Accelerometer,0.0
1646410966,G,Light,1443.0
1646410966,G,MIC,3.0
1646410966,G,RSSI,76.0
1646410968,A,Temperature,22.76499938964844
1646410968,A,Humidity,33.19499969482422
1646410968,A,Pressure,101593.0
1646410968,A,Gas,1327.510986328125
1646410968,A,Accelerometer,0.0
1646410968,A,Light,2163.0
1646410968,A,MIC,3.0
1646410968,A,RSSI,80.0
1646410970,H,Temperature,23.854999542236328
1646410970,H,Humidity,28.607999801635746
1646410970,H,Pressure,101604.0
1646410970,H,Gas,4728.76416015625
1646410970,H,Accelerometer,0.0
1646410970,H,Light,3572.0
1646410970,H,MIC,3.0
1646410970,H,RSSI,79.0
1646410972,D,Temperature,22.045000076293945
1646410972,D,Humidity,33.376998901367195
1646410972,D,Pressure,101615.0
1646410972,D,Gas,2946.948974609375
1646410972,D,Accelerometer,0.0
1646410972,D,Light,182.0
1646410972,D,MIC,3.0
1646410972,D,RSSI,57.0
1646410974,E,Temperature,22.21500015258789
1646410974,E,Humidity,32.78400039672852
1646410974,E,Pressure,101595.0
1646410974,E,Gas,3204.740966796875
1646410974,E,Accelerometer,0.0
1646410974,E,Light,3707.0
1646410974,E,MIC,3.0
1646410974,E,RSSI,75.0
1646410974,F,Temperature,21.834999084472656
1646410974,F,Humidity,33.12799835205078
1646410974,F,Pressure,101636.0
1646410974,F,Gas,947.927001953125
1646410974,F,Accelerometer,0.0
1646410974,F,Light,95.0
1646410974,F,MIC,3.0
1646410974,F,RSSI,80.0
1646410974,C,Temperature,22.84499931335449
1646410974,C,Humidity,33.338001251220696
1646410974,C,Pressure,101605.0
1646410974,C,Gas,1271.5909423828125
1646410974,C,Accelerometer,0.0
1646410974,C,Light,1163.0
1646410974,C,MIC,3.0
1646410974,C,RSSI,85.0
1646410976,G,Temperature,23.01499938964844
1646410976,G,Humidity,33.18099975585937
1646410976,G,Pressure,101618.0
1646410976,G,Gas,1851.6080322265625
1646410976,G,Accelerometer,0.0
1646410976,G,Light,1449.0
1646410976,G,MIC,3.0
1646410976,G,RSSI,76.0
1646410978,B,Temperature,22.94499969482422
1646410978,B,Humidity,32.05199813842773
1646410978,B,Pressure,101545.0
1646410978,B,Gas,4984.60791015625
1646410978,B,Accelerometer,0.0
1646410978,B,Light,641.0
1646410978,B,MIC,3.0
1646410978,B,RSSI,84.0
1646410978,A,Temperature,22.76499938964844
1646410978,A,Humidity,33.21200180053711
1646410978,A,Pressure,101591.0
1646410978,A,Gas,1328.0250244140625
1646410978,A,Accelerometer,0.0
1646410978,A,Light,2177.0
1646410978,A,MIC,3.0
1646410978,A,RSSI,80.0
1646410980,H,Temperature,23.834999084472656
1646410980,H,Humidity,28.613000869750977
1646410980,H,Pressure,101600.0
1646410980,H,Gas,4719.7529296875
1646410980,H,Accelerometer,0.0
1646410980,H,Light,3569.0
1646410980,H,MIC,3.0
1646410980,H,RSSI,79.0
1646410982,D,Temperature,22.045000076293945
1646410982,D,Humidity,33.37099838256836
1646410982,D,Pressure,101613.0
1646410982,D,Gas,2969.37890625
1646410982,D,Accelerometer,0.0
1646410982,D,Light,185.0
1646410982,D,MIC,3.0
1646410982,D,RSSI,57.0
1646410984,C,Temperature,22.815000534057607
1646410984,C,Humidity,33.384998321533196
1646410984,C,Pressure,101607.0
1646410984,C,Gas,1275.7149658203125
1646410984,C,Accelerometer,0.0
1646410984,C,Light,1170.0
1646410984,C,MIC,3.0
1646410984,C,RSSI,89.0
1646410984,E,Temperature,22.20499992370605
1646410984,E,Humidity,32.81399917602539
1646410984,E,Pressure,101591.0
1646410984,E,Gas,3206.406982421875
1646410984,E,Accelerometer,0.0
1646410984,E,Light,3711.0
1646410984,E,MIC,3.0
1646410984,E,RSSI,75.0
1646410984,F,Temperature,21.834999084472656
1646410984,F,Humidity,33.12900161743164
1646410984,F,Pressure,101636.0
1646410984,F,Gas,956.2139892578124
1646410984,F,Accelerometer,0.0
1646410984,F,Light,96.0
1646410984,F,MIC,3.0
1646410984,F,RSSI,76.0
1646410986,G,Temperature,23.01499938964844
1646410986,G,Humidity,33.18199920654297
1646410986,G,Pressure,101616.0
1646410986,G,Gas,1867.9649658203125
1646410986,G,Accelerometer,0.0
1646410986,G,Light,1454.0
1646410986,G,MIC,3.0
1646410986,G,RSSI,76.0
1646410988,B,Temperature,22.94499969482422
1646410988,B,Humidity,32.04600143432617
1646410988,B,Pressure,101547.0
1646410988,B,Gas,4987.28076171875
1646410988,B,Accelerometer,0.0
1646410988,B,Light,642.0
1646410988,B,MIC,3.0
1646410988,B,RSSI,84.0
1646410988,A,Temperature,22.774999618530273
1646410988,A,Humidity,33.166000366210945
1646410988,A,Pressure,101593.0
1646410988,A,Gas,1322.2349853515625
1646410988,A,Accelerometer,0.0
1646410988,A,Light,2156.0
1646410988,A,MIC,3.0
1646410988,A,RSSI,80.0
1646410990,H,Temperature,23.815000534057607
1646410990,H,Humidity,28.65299987792969
1646410990,H,Pressure,101602.0
1646410990,H,Gas,4719.537109375
1646410990,H,Accelerometer,0.0
1646410990,H,Light,3571.0
1646410990,H,MIC,3.0
1646410990,H,RSSI,87.0
1646410992,D,Temperature,22.05500030517578
1646410992,D,Humidity,33.36100006103516
1646410992,D,Pressure,101619.0
1646410992,D,Gas,2946.943115234375
1646410992,D,Accelerometer,0.0
1646410992,D,Light,185.0
1646410992,D,MIC,3.0
1646410992,D,RSSI,57.0
1646410994,E,Temperature,22.21500015258789
1646410994,E,Humidity,32.790000915527344
1646410994,E,Pressure,101593.0
1646410994,E,Gas,3209.236083984375
1646410994,E,Accelerometer,0.0
1646410994,E,Light,3713.0
1646410994,E,MIC,3.0
1646410994,E,RSSI,75.0
1646410994,F,Temperature,21.834999084472656
1646410994,F,Humidity,33.12400054931641
1646410994,F,Pressure,101636.0
1646410994,F,Gas,937.8469848632812
1646410994,F,Accelerometer,0.0
1646410994,F,Light,97.0
1646410994,F,MIC,3.0
1646410994,F,RSSI,76.0
1646410997,G,Temperature,23.01499938964844
1646410997,G,Humidity,33.166000366210945
1646410997,G,Pressure,101616.0
1646410997,G,Gas,1870.428955078125
1646410997,G,Accelerometer,0.0
1646410997,G,Light,1445.0
1646410997,G,MIC,3.0
1646410997,G,RSSI,75.0
1646410998,A,Temperature,22.774999618530273
1646410998,A,Humidity,33.16299819946289
1646410998,A,Pressure,101591.0
1646410998,A,Gas,1328.678955078125
1646410998,A,Accelerometer,0.0
1646410998,A,Light,2175.0
1646410998,A,MIC,3.0
1646410998,A,RSSI,81.0
1646410998,B,Temperature,22.95499992370605
1646410998,B,Humidity,32.05099868774414
1646410998,B,Pressure,101547.0
1646410998,B,Gas,4987.18798828125
1646410998,B,Accelerometer,0.0
1646410998,B,Light,643.0
1646410998,B,MIC,3.0
1646410998,B,RSSI,84.0
1646410999,C,Temperature,22.82500076293945
1646410999,C,Humidity,33.376998901367195
1646410999,C,Pressure,101607.0
1646410999,C,Gas,1279.9940185546875
1646410999,C,Accelerometer,0.0
1646410999,C,Light,1171.0
1646410999,C,MIC,3.0
1646410999,C,RSSI,89.0
1646411001,H,Temperature,23.82500076293945
1646411001,H,Humidity,28.660999298095703
1646411001,H,Pressure,101600.0
1646411001,H,Gas,4719.81884765625
1646411001,H,Accelerometer,0.0
1646411001,H,Light,3574.0
1646411001,H,MIC,3.0
1646411001,H,RSSI,87.0
1646411002,D,Temperature,22.05500030517578
1646411002,D,Humidity,33.36600112915039
1646411002,D,Pressure,101619.0
1646411002,D,Gas,2945.55908203125
1646411002,D,Accelerometer,0.0
1646411002,D,Light,186.0
1646411002,D,MIC,3.0
1646411002,D,RSSI,53.0
1646411004,E,Temperature,22.20499992370605
1646411004,E,Humidity,32.80500030517578
1646411004,E,Pressure,101591.0
1646411004,E,Gas,3201.114990234375
1646411004,E,Accelerometer,0.0
1646411004,E,Light,3708.0
1646411004,E,MIC,3.0
1646411004,E,RSSI,75.0
1646411004,F,Temperature,21.84499931335449
1646411004,F,Humidity,33.12200164794922
1646411004,F,Pressure,101636.0
1646411004,F,Gas,943.7650146484376
1646411004,F,Accelerometer,0.0
1646411004,F,Light,97.0
1646411004,F,MIC,3.0
1646411004,F,RSSI,76.0
1646411005,C,Temperature,22.82500076293945
1646411005,C,Humidity,33.386001586914055
1646411005,C,Pressure,101607.0
1646411005,C,Gas,1282.092041015625
1646411005,C,Accelerometer,0.0
1646411005,C,Light,1172.0
1646411005,C,MIC,3.0
1646411005,C,RSSI,89.0
1646411006,G,Temperature,23.0049991607666
1646411006,G,Humidity,33.15800094604492
1646411006,G,Pressure,101614.0
1646411006,G,Gas,1852.98095703125
1646411006,G,Accelerometer,0.0
1646411006,G,Light,1448.0
1646411006,G,MIC,3.0
1646411006,G,RSSI,75.0
1646411008,A,Temperature,22.76499938964844
1646411008,A,Humidity,33.15599822998047
1646411008,A,Pressure,101591.0
1646411008,A,Gas,1338.6920166015625
1646411008,A,Accelerometer,0.0
1646411008,A,Light,2166.0
1646411008,A,MIC,3.0
1646411008,A,RSSI,81.0
1646411011,H,Temperature,23.834999084472656
1646411011,H,Humidity,28.64299964904785
1646411011,H,Pressure,101598.0
1646411011,H,Gas,4720.2841796875
1646411011,H,Accelerometer,0.0
1646411011,H,Light,3574.0
1646411011,H,MIC,3.0
1646411011,H,RSSI,87.0
1646411012,D,Temperature,22.045000076293945
1646411012,D,Humidity,33.382999420166016
1646411012,D,Pressure,101617.0
1646411012,D,Gas,2950.114990234375
1646411012,D,Accelerometer,0.0
1646411012,D,Light,187.0
1646411012,D,MIC,3.0
1646411012,D,RSSI,53.0
1646411014,E,Temperature,22.19499969482422
1646411014,E,Humidity,32.819000244140625
1646411014,E,Pressure,101593.0
1646411014,E,Gas,3199.531982421875
1646411014,E,Accelerometer,0.0
1646411014,E,Light,3709.0
1646411014,E,MIC,3.0
1646411014,E,RSSI,61.0
1646411014,F,Temperature,21.84499931335449
1646411014,F,Humidity,33.12099838256836
1646411014,F,Pressure,101636.0
1646411014,F,Gas,941.2789916992188
1646411014,F,Accelerometer,0.0
1646411014,F,Light,98.0
1646411014,F,MIC,3.0
1646411014,F,RSSI,76.0
1646411014,C,Temperature,22.84499931335449
1646411014,C,Humidity,33.37400054931641
1646411014,C,Pressure,101609.0
1646411014,C,Gas,1280.5589599609375
1646411014,C,Accelerometer,0.0
1646411014,C,Light,1172.0
1646411014,C,MIC,3.0
1646411014,C,RSSI,89.0
1646411016,G,Temperature,23.01499938964844
1646411016,G,Humidity,33.125
1646411016,G,Pressure,101614.0
1646411016,G,Gas,1845.6739501953125
1646411016,G,Accelerometer,0.0
1646411016,G,Light,1447.0
1646411016,G,MIC,3.0
1646411016,G,RSSI,75.0
1646411018,A,Temperature,22.774999618530273
1646411018,A,Humidity,33.14099884033203
1646411018,A,Pressure,101591.0
1646411018,A,Gas,1333.9759521484375
1646411018,A,Accelerometer,0.0
1646411018,A,Light,2162.0
1646411018,A,MIC,3.0
1646411018,A,RSSI,81.0
1646411020,H,Temperature,23.84499931335449
1646411020,H,Humidity,28.643999099731445
1646411020,H,Pressure,101598.0
1646411020,H,Gas,4718.45703125
1646411020,H,Accelerometer,0.0
1646411020,H,Light,3570.0
1646411020,H,MIC,3.0
1646411020,H,RSSI,87.0
1646411022,D,Temperature,22.045000076293945
1646411022,D,Humidity,33.36600112915039
1646411022,D,Pressure,101613.0
1646411022,D,Gas,2942.465087890625
1646411022,D,Accelerometer,0.0
1646411022,D,Light,187.0
1646411022,D,MIC,3.0
1646411022,D,RSSI,53.0
1646411024,E,Temperature,22.20499992370605
1646411024,E,Humidity,32.812000274658196
1646411024,E,Pressure,101593.0
1646411024,E,Gas,3194.091064453125
1646411024,E,Accelerometer,0.0
1646411024,E,Light,3704.0
1646411024,E,MIC,3.0
1646411024,E,RSSI,61.0
1646411024,F,Temperature,21.825000762939453
1646411024,F,Humidity,33.15200042724609
1646411024,F,Pressure,101634.0
1646411024,F,Gas,938.8319702148438
1646411024,F,Accelerometer,0.0
1646411024,F,Light,99.0
1646411024,F,MIC,3.0
1646411024,F,RSSI,76.0
1646411024,C,Temperature,22.834999084472656
1646411024,C,Humidity,33.40700149536133
1646411024,C,Pressure,101607.0
1646411024,C,Gas,1291.1419677734375
1646411024,C,Accelerometer,0.0
1646411024,C,Light,1174.0
1646411024,C,MIC,3.0
1646411024,C,RSSI,89.0
1646411026,G,Temperature,23.024999618530273
1646411026,G,Humidity,33.11800003051758
1646411026,G,Pressure,101614.0
1646411026,G,Gas,1829.3780517578125
1646411026,G,Accelerometer,0.0
1646411026,G,Light,1449.0
1646411026,G,MIC,3.0
1646411026,G,RSSI,75.0
1646411028,A,Temperature,22.774999618530273
1646411028,A,Humidity,33.147998809814446
1646411028,A,Pressure,101591.0
1646411028,A,Gas,1329.0880126953125
1646411028,A,Accelerometer,0.0
1646411028,A,Light,2162.0
1646411028,A,MIC,3.0
1646411028,A,RSSI,81.0
1646411028,B,Temperature,22.95499992370605
1646411028,B,Humidity,32.05899810791016
1646411028,B,Pressure,101547.0
1646411028,B,Gas,4976.078125
1646411028,B,Accelerometer,0.0
1646411028,B,Light,641.0
1646411028,B,MIC,3.0
1646411028,B,RSSI,87.0
1646411030,H,Temperature,23.84499931335449
1646411030,H,Humidity,28.64299964904785
1646411030,H,Pressure,101598.0
1646411030,H,Gas,4721.64599609375
1646411030,H,Accelerometer,0.0
1646411030,H,Light,3568.0
1646411030,H,MIC,3.0
1646411030,H,RSSI,87.0
1646411032,D,Temperature,22.045000076293945
1646411032,D,Humidity,33.36999893188477
1646411032,D,Pressure,101615.0
1646411032,D,Gas,2945.868896484375
1646411032,D,Accelerometer,0.0
1646411032,D,Light,187.0
1646411032,D,MIC,3.0
1646411032,D,RSSI,53.0
1646411034,E,Temperature,22.19499969482422
1646411034,E,Humidity,32.85499954223633
1646411034,E,Pressure,101593.0
1646411034,E,Gas,3195.241943359375
1646411034,E,Accelerometer,0.0
1646411034,E,Light,3707.0
1646411034,E,MIC,3.0
1646411034,E,RSSI,61.0
1646411034,F,Temperature,21.834999084472656
1646411034,F,Humidity,33.12099838256836
1646411034,F,Pressure,101636.0
1646411034,F,Gas,931.1439819335938
1646411034,F,Accelerometer,0.0
1646411034,F,Light,99.0
1646411034,F,MIC,3.0
1646411034,F,RSSI,77.0
1646411036,G,Temperature,23.03499984741211
1646411036,G,Humidity,33.13399887084961
1646411036,G,Pressure,101618.0
1646411036,G,Gas,1821.782958984375
1646411036,G,Accelerometer,0.0
1646411036,G,Light,1444.0
1646411036,G,MIC,3.0
1646411036,G,RSSI,75.0
1646411037,C,Temperature,22.834999084472656
1646411037,C,Humidity,33.40999984741211
1646411037,C,Pressure,101607.0
1646411037,C,Gas,1273.7060546875
1646411037,C,Accelerometer,0.0
1646411037,C,Light,1179.0
1646411037,C,MIC,3.0
1646411037,C,RSSI,77.0
1646411038,B,Temperature,22.95499992370605
1646411038,B,Humidity,32.044998168945305
1646411038,B,Pressure,101547.0
1646411038,B,Gas,4969.462890625
1646411038,B,Accelerometer,0.0
1646411038,B,Light,642.0
1646411038,B,MIC,3.0
1646411038,B,RSSI,87.0
1646411038,A,Temperature,22.774999618530273
1646411038,A,Humidity,33.16299819946289
1646411038,A,Pressure,101591.0
1646411038,A,Gas,1338.968994140625
1646411038,A,Accelerometer,0.0
1646411038,A,Light,2170.0
1646411038,A,MIC,3.0
1646411038,A,RSSI,81.0
1646411040,H,Temperature,23.84499931335449
1646411040,H,Humidity,28.638999938964844
1646411040,H,Pressure,101598.0
1646411040,H,Gas,4708.05078125
1646411040,H,Accelerometer,0.0
1646411040,H,Light,3567.0
1646411040,H,MIC,3.0
1646411040,H,RSSI,91.0
1646411042,D,Temperature,22.024999618530273
1646411042,D,Humidity,33.415000915527344
1646411042,D,Pressure,101615.0
1646411042,D,Gas,2941.214111328125
1646411042,D,Accelerometer,0.0
1646411042,D,Light,187.0
1646411042,D,MIC,3.0
1646411042,D,RSSI,53.0
1646411044,E,Temperature,22.19499969482422
1646411044,E,Humidity,32.830001831054695
1646411044,E,Pressure,101595.0
1646411044,E,Gas,3188.947998046875
1646411044,E,Accelerometer,0.0
1646411044,E,Light,3706.0
1646411044,E,MIC,3.0
1646411044,E,RSSI,61.0
1646411044,F,Temperature,21.84499931335449
1646411044,F,Humidity,33.12799835205078
1646411044,F,Pressure,101636.0
1646411044,F,Gas,939.3690185546876
1646411044,F,Accelerometer,0.0
1646411044,F,Light,99.0
1646411044,F,MIC,3.0
1646411044,F,RSSI,77.0
1646411044,C,Temperature,22.82500076293945
1646411044,C,Humidity,33.39500045776367
1646411044,C,Pressure,101607.0
1646411044,C,Gas,1277.81298828125
1646411044,C,Accelerometer,0.0
1646411044,C,Light,1173.0
1646411044,C,MIC,3.0
1646411044,C,RSSI,77.0
1646411046,G,Temperature,23.03499984741211
1646411046,G,Humidity,33.147998809814446
1646411046,G,Pressure,101618.0
1646411046,G,Gas,1812.001953125
1646411046,G,Accelerometer,0.0
1646411046,G,Light,1449.0
1646411046,G,MIC,3.0
1646411046,G,RSSI,75.0
1646411048,A,Temperature,22.76499938964844
1646411048,A,Humidity,33.18099975585937
1646411048,A,Pressure,101589.0
1646411048,A,Gas,1334.761962890625
1646411048,A,Accelerometer,0.0
1646411048,A,Light,2169.0
1646411048,A,MIC,3.0
1646411048,A,RSSI,81.0
1646411050,H,Temperature,23.864999771118164
1646411050,H,Humidity,28.632999420166016
1646411050,H,Pressure,101606.0
1646411050,H,Gas,4710.18212890625
1646411050,H,Accelerometer,0.0
1646411050,H,Light,3571.0
1646411050,H,MIC,3.0
1646411050,H,RSSI,91.0
1646411050,B,Temperature,22.95499992370605
1646411050,B,Humidity,32.049999237060554
1646411050,B,Pressure,101547.0
1646411050,B,Gas,4966.623046875
1646411050,B,Accelerometer,0.0
1646411050,B,Light,643.0
1646411050,B,MIC,3.0
1646411050,B,RSSI,87.0
1646411052,D,Temperature,22.03499984741211
1646411052,D,Humidity,33.393001556396484
1646411052,D,Pressure,101615.0
1646411052,D,Gas,2934.0791015625
1646411052,D,Accelerometer,0.0
1646411052,D,Light,187.0
1646411052,D,MIC,3.0
1646411052,D,RSSI,53.0
1646411054,E,Temperature,22.19499969482422
1646411054,E,Humidity,32.833999633789055
1646411054,E,Pressure,101593.0
1646411054,E,Gas,3179.06689453125
1646411054,E,Accelerometer,0.0
1646411054,E,Light,3700.0
1646411054,E,MIC,3.0
1646411054,E,RSSI,61.0
1646411054,F,Temperature,21.834999084472656
1646411054,F,Humidity,33.14099884033203
1646411054,F,Pressure,101636.0
1646411054,F,Gas,933.5460205078124
1646411054,F,Accelerometer,0.0
1646411054,F,Light,99.0
1646411054,F,MIC,3.0
1646411054,F,RSSI,77.0
1646411054,C,Temperature,22.834999084472656
1646411054,C,Humidity,33.375
1646411054,C,Pressure,101607.0
1646411054,C,Gas,1256.85595703125
1646411054,C,Accelerometer,0.0
1646411054,C,Light,1179.0
1646411054,C,MIC,3.0
1646411054,C,RSSI,77.0
1646411056,G,Temperature,23.024999618530273
1646411056,G,Humidity,33.14500045776367
1646411056,G,Pressure,101618.0
1646411056,G,Gas,1807.8719482421875
1646411056,G,Accelerometer,0.0
1646411056,G,Light,1457.0
1646411056,G,MIC,3.0
1646411056,G,RSSI,75.0
1646411058,B,Temperature,22.95499992370605
1646411058,B,Humidity,32.05599975585937
1646411058,B,Pressure,101547.0
1646411058,B,Gas,4966.85595703125
1646411058,B,Accelerometer,0.0
1646411058,B,Light,642.0
1646411058,B,MIC,3.0
1646411058,B,RSSI,87.0
1646411058,A,Temperature,22.774999618530273
1646411058,A,Humidity,33.187000274658196
1646411058,A,Pressure,101589.0
1646411058,A,Gas,1328.4630126953125
1646411058,A,Accelerometer,0.0
1646411058,A,Light,2160.0
1646411058,A,MIC,3.0
1646411058,A,RSSI,81.0
1646411060,H,Temperature,23.875
1646411060,H,Humidity,28.625
1646411060,H,Pressure,101604.0
1646411060,H,Gas,4723.6611328125
1646411060,H,Accelerometer,0.0
1646411060,H,Light,3567.0
1646411060,H,MIC,3.0
1646411060,H,RSSI,91.0
1646411062,D,Temperature,22.03499984741211
1646411062,D,Humidity,33.410999298095696
1646411062,D,Pressure,101617.0
1646411062,D,Gas,2938.02587890625
1646411062,D,Accelerometer,0.0
1646411062,D,Light,187.0
1646411062,D,MIC,3.0
1646411062,D,RSSI,53.0
1646411064,E,Temperature,22.19499969482422
1646411064,E,Humidity,32.862998962402344
1646411064,E,Pressure,101595.0
1646411064,E,Gas,3168.887939453125
1646411064,E,Accelerometer,0.0
1646411064,E,Light,3701.0
1646411064,E,MIC,3.0
1646411064,E,RSSI,58.0
1646411064,F,Temperature,21.834999084472656
1646411064,F,Humidity,33.130001068115234
1646411064,F,Pressure,101636.0
1646411064,F,Gas,926.5989990234376
1646411064,F,Accelerometer,0.0
1646411064,F,Light,100.0
1646411064,F,MIC,3.0
1646411064,F,RSSI,77.0
1646411064,C,Temperature,22.795000076293945
1646411064,C,Humidity,33.44499969482422
1646411064,C,Pressure,101607.0
1646411064,C,Gas,1256.595947265625
1646411064,C,Accelerometer,0.0
1646411064,C,Light,1175.0
1646411064,C,MIC,3.0
1646411064,C,RSSI,77.0
1646411066,G,Temperature,23.03499984741211
1646411066,G,Humidity,33.12400054931641
1646411066,G,Pressure,101618.0
1646411066,G,Gas,1805.281982421875
1646411066,G,Accelerometer,0.0
1646411066,G,Light,1451.0
1646411066,G,MIC,3.0
1646411066,G,RSSI,75.0
1646411068,B,Temperature,22.96500015258789
1646411068,B,Humidity,32.041000366210945
1646411068,B,Pressure,101549.0
1646411068,B,Gas,4960.52294921875
1646411068,B,Accelerometer,0.0
1646411068,B,Light,642.0
1646411068,B,MIC,3.0
1646411068,B,RSSI,87.0
1646411068,A,Temperature,22.774999618530273
1646411068,A,Humidity,33.194000244140625
1646411068,A,Pressure,101591.0
1646411068,A,Gas,1326.91796875
1646411068,A,Accelerometer,0.0
1646411068,A,Light,2158.0
1646411068,A,MIC,3.0
1646411068,A,RSSI,81.0
1646411072,D,Temperature,22.045000076293945
1646411072,D,Humidity,33.39400100708008
1646411072,D,Pressure,101613.0
1646411072,D,Gas,2936.509033203125
1646411072,D,Accelerometer,0.0
1646411072,D,Light,186.0
1646411072,D,MIC,3.0
1646411072,D,RSSI,53.0
1646411074,E,Temperature,22.184999465942386
1646411074,E,Humidity,32.839000701904304
1646411074,E,Pressure,101593.0
1646411074,E,Gas,3165.821044921875
1646411074,E,Accelerometer,0.0
1646411074,E,Light,3704.0
1646411074,E,MIC,3.0
1646411074,E,RSSI,58.0
1646411074,F,Temperature,21.834999084472656
1646411074,F,Humidity,33.137001037597656
1646411074,F,Pressure,101636.0
1646411074,F,Gas,922.3809814453124
1646411074,F,Accelerometer,0.0
1646411074,F,Light,101.0
1646411074,F,MIC,3.0
1646411074,F,RSSI,77.0
1646411074,C,Temperature,22.815000534057607
1646411074,C,Humidity,33.424999237060554
1646411074,C,Pressure,101613.0
1646411074,C,Gas,1279.6400146484375
1646411074,C,Accelerometer,0.0
1646411074,C,Light,1180.0
1646411074,C,MIC,3.0
1646411074,C,RSSI,77.0
1646411075,H,Temperature,23.88500022888184
1646411075,H,Humidity,28.61199951171875
1646411075,H,Pressure,101602.0
1646411075,H,Gas,4737.8759765625
1646411075,H,Accelerometer,0.0
1646411075,H,Light,3570.0
1646411075,H,MIC,3.0
1646411075,H,RSSI,91.0
1646411076,G,Temperature,23.03499984741211
1646411076,G,Humidity,33.132999420166016
1646411076,G,Pressure,101618.0
1646411076,G,Gas,1799.29296875
1646411076,G,Accelerometer,0.0
1646411076,G,Light,1448.0
1646411076,G,MIC,3.0
1646411076,G,RSSI,75.0
1646411078,B,Temperature,22.95499992370605
1646411078,B,Humidity,32.049999237060554
1646411078,B,Pressure,101547.0
1646411078,B,Gas,4954.94921875
1646411078,B,Accelerometer,0.0
1646411078,B,Light,639.0
1646411078,B,MIC,3.0
1646411078,B,RSSI,87.0
1646411078,A,Temperature,22.774999618530273
1646411078,A,Humidity,33.21200180053711
1646411078,A,Pressure,101589.0
1646411078,A,Gas,1328.8499755859375
1646411078,A,Accelerometer,0.0
1646411078,A,Light,2167.0
1646411078,A,MIC,3.0
1646411078,A,RSSI,81.0
1646411080,H,Temperature,23.895000457763672
1646411080,H,Humidity,28.590999603271484
1646411080,H,Pressure,101604.0
1646411080,H,Gas,4744.10302734375
1646411080,H,Accelerometer,0.0
1646411080,H,Light,3568.0
1646411080,H,MIC,3.0
1646411080,H,RSSI,91.0
1646411082,D,Temperature,22.03499984741211
1646411082,D,Humidity,33.40800094604492
1646411082,D,Pressure,101613.0
1646411082,D,Gas,2948.537109375
1646411082,D,Accelerometer,0.0
1646411082,D,Light,186.0
1646411082,D,MIC,3.0
1646411082,D,RSSI,53.0
1646411084,E,Temperature,22.184999465942386
1646411084,E,Humidity,32.85800170898437
1646411084,E,Pressure,101595.0
1646411084,E,Gas,3176.39404296875
1646411084,E,Accelerometer,0.0
1646411084,E,Light,3707.0
1646411084,E,MIC,3.0
1646411084,E,RSSI,58.0
1646411084,F,Temperature,21.834999084472656
1646411084,F,Humidity,33.11899948120117
1646411084,F,Pressure,101634.0
1646411084,F,Gas,917.0120239257812
1646411084,F,Accelerometer,0.0
1646411084,F,Light,100.0
1646411084,F,MIC,3.0
1646411084,F,RSSI,78.0
1646411084,C,Temperature,22.82500076293945
1646411084,C,Humidity,33.432998657226555
1646411084,C,Pressure,101609.0
1646411084,C,Gas,1286.675048828125
1646411084,C,Accelerometer,0.0
1646411084,C,Light,1182.0
1646411084,C,MIC,3.0
1646411084,C,RSSI,84.0
1646411086,G,Temperature,23.024999618530273
1646411086,G,Humidity,33.14699935913086
1646411086,G,Pressure,101614.0
1646411086,G,Gas,1815.83203125
1646411086,G,Accelerometer,0.0
1646411086,G,Light,1450.0
1646411086,G,MIC,3.0
1646411086,G,RSSI,75.0
1646411088,A,Temperature,22.774999618530273
1646411088,A,Humidity,33.24100112915039
1646411088,A,Pressure,101589.0
1646411088,A,Gas,1322.114013671875
1646411088,A,Accelerometer,0.0
1646411088,A,Light,2163.0
1646411088,A,MIC,3.0
1646411088,A,RSSI,81.0
1646411091,B,Temperature,22.95499992370605
1646411091,B,Humidity,32.06100082397461
1646411091,B,Pressure,101547.0
1646411091,B,Gas,4946.5458984375
1646411091,B,Accelerometer,0.0
1646411091,B,Light,644.0
1646411091,B,MIC,3.0
1646411091,B,RSSI,87.0
1646411091,H,Temperature,23.895000457763672
1646411091,H,Humidity,28.569000244140625
1646411091,H,Pressure,101602.0
1646411091,H,Gas,4744.994140625
1646411091,H,Accelerometer,0.0
1646411091,H,Light,3576.0
1646411091,H,MIC,3.0
1646411091,H,RSSI,94.0
1646411092,D,Temperature,22.03499984741211
1646411092,D,Humidity,33.40200042724609
1646411092,D,Pressure,101613.0
1646411092,D,Gas,2942.243896484375
1646411092,D,Accelerometer,0.0
1646411092,D,Light,186.0
1646411092,D,MIC,3.0
1646411092,D,RSSI,53.0
1646411094,E,Temperature,22.19499969482422
1646411094,E,Humidity,32.84600067138672
1646411094,E,Pressure,101595.0
1646411094,E,Gas,3183.385009765625
1646411094,E,Accelerometer,0.0
1646411094,E,Light,3705.0
1646411094,E,MIC,3.0
1646411094,E,RSSI,58.0
1646411094,F,Temperature,21.825000762939453
1646411094,F,Humidity,33.152999877929695
1646411094,F,Pressure,101634.0
1646411094,F,Gas,920.60400390625
1646411094,F,Accelerometer,0.0
1646411094,F,Light,101.0
1646411094,F,MIC,3.0
1646411094,F,RSSI,78.0
1646411094,C,Temperature,22.82500076293945
1646411094,C,Humidity,33.432998657226555
1646411094,C,Pressure,101609.0
1646411094,C,Gas,1283.8409423828125
1646411094,C,Accelerometer,0.0
1646411094,C,Light,1180.0
1646411094,C,MIC,3.0
1646411094,C,RSSI,84.0
1646411097,G,Temperature,23.024999618530273
1646411097,G,Humidity,33.150001525878906
1646411097,G,Pressure,101614.0
1646411097,G,Gas,1829.3780517578125
1646411097,G,Accelerometer,0.0
1646411097,G,Light,1455.0
1646411097,G,MIC,3.0
1646411097,G,RSSI,71.0
1646411098,A,Temperature,22.774999618530273
1646411098,A,Humidity,33.194000244140625
1646411098,A,Pressure,101589.0
1646411098,A,Gas,1322.97705078125
1646411098,A,Accelerometer,0.0
1646411098,A,Light,2171.0
1646411098,A,MIC,3.0
1646411098,A,RSSI,79.0
1646411099,B,Temperature,22.94499969482422
1646411099,B,Humidity,32.082000732421875
1646411099,B,Pressure,101547.0
1646411099,B,Gas,4942.43310546875
1646411099,B,Accelerometer,0.0
1646411099,B,Light,641.0
1646411099,B,MIC,3.0
1646411099,B,RSSI,87.0
1646411100,H,Temperature,23.90500068664551
1646411100,H,Humidity,28.55500030517578
1646411100,H,Pressure,101602.0
1646411100,H,Gas,4734.96484375
1646411100,H,Accelerometer,0.0
1646411100,H,Light,3577.0
1646411100,H,MIC,3.0
1646411100,H,RSSI,94.0
1646411102,D,Temperature,22.05500030517578
1646411102,D,Humidity,33.397998809814446
1646411102,D,Pressure,101619.0
1646411102,D,Gas,2955.98291015625
1646411102,D,Accelerometer,0.0
1646411102,D,Light,186.0
1646411102,D,MIC,3.0
1646411102,D,RSSI,69.0
1646411104,E,Temperature,22.20499992370605
1646411104,E,Humidity,32.83100128173828
1646411104,E,Pressure,101595.0
1646411104,E,Gas,3177.008056640625
1646411104,E,Accelerometer,0.0
1646411104,E,Light,3711.0
1646411104,E,MIC,3.0
1646411104,E,RSSI,58.0
1646411105,F,Temperature,21.825000762939453
1646411105,F,Humidity,33.15399932861328
1646411105,F,Pressure,101636.0
1646411105,F,Gas,909.7440185546876
1646411105,F,Accelerometer,0.0
1646411105,F,Light,101.0
1646411105,F,MIC,3.0
1646411105,F,RSSI,78.0
1646411105,C,Temperature,22.80500030517578
1646411105,C,Humidity,33.445999145507805
1646411105,C,Pressure,101607.0
1646411105,C,Gas,1288.093017578125
1646411105,C,Accelerometer,0.0
1646411105,C,Light,1178.0
1646411105,C,MIC,3.0
1646411105,C,RSSI,84.0
1646411106,G,Temperature,23.024999618530273
1646411106,G,Humidity,33.141998291015625
1646411106,G,Pressure,101616.0
1646411106,G,Gas,1830.0419921875
1646411106,G,Accelerometer,0.0
1646411106,G,Light,1450.0
1646411106,G,MIC,3.0
1646411106,G,RSSI,71.0
1646411108,B,Temperature,22.94499969482422
1646411108,B,Humidity,32.084999084472656
1646411108,B,Pressure,101549.0
1646411108,B,Gas,4930.9482421875
1646411108,B,Accelerometer,0.0
1646411108,B,Light,644.0
1646411108,B,MIC,3.0
1646411108,B,RSSI,87.0
1646411110,A,Temperature,22.774999618530273
1646411110,A,Humidity,33.189998626708984
1646411110,A,Pressure,101591.0
1646411110,A,Gas,1334.0980224609375
1646411110,A,Accelerometer,0.0
1646411110,A,Light,2169.0
1646411110,A,MIC,3.0
1646411110,A,RSSI,79.0
1646411110,H,Temperature,23.915000915527344
1646411110,H,Humidity,28.535999298095703
1646411110,H,Pressure,101600.0
1646411110,H,Gas,4722.9970703125
1646411110,H,Accelerometer,0.0
1646411110,H,Light,3577.0
1646411110,H,MIC,3.0
1646411110,H,RSSI,94.0
1646411112,D,Temperature,22.045000076293945
1646411112,D,Humidity,33.39500045776367
1646411112,D,Pressure,101615.0
1646411112,D,Gas,2940.887939453125
1646411112,D,Accelerometer,0.0
1646411112,D,Light,186.0
1646411112,D,MIC,3.0
1646411112,D,RSSI,69.0
1646411114,E,Temperature,22.19499969482422
1646411114,E,Humidity,32.85800170898437
1646411114,E,Pressure,101595.0
1646411114,E,Gas,3183.385009765625
1646411114,E,Accelerometer,0.0
1646411114,E,Light,3716.0
1646411114,E,MIC,3.0
1646411114,E,RSSI,75.0
1646411114,F,Temperature,21.825000762939453
1646411114,F,Humidity,33.148998260498054
1646411114,F,Pressure,101636.0
1646411114,F,Gas,907.4190063476562
1646411114,F,Accelerometer,0.0
1646411114,F,Light,101.0
1646411114,F,MIC,3.0
1646411114,F,RSSI,78.0
1646411114,C,Temperature,22.795000076293945
1646411114,C,Humidity,33.46200180053711
1646411114,C,Pressure,101609.0
1646411114,C,Gas,1285.241943359375
1646411114,C,Accelerometer,0.0
1646411114,C,Light,1182.0
1646411114,C,MIC,3.0
1646411114,C,RSSI,84.0
1646411116,G,Temperature,23.024999618530273
1646411116,G,Humidity,33.17100143432617
1646411116,G,Pressure,101614.0
1646411116,G,Gas,1824.1800537109373
1646411116,G,Accelerometer,0.0
1646411116,G,Light,1455.0
1646411116,G,MIC,3.0
1646411116,G,RSSI,71.0
1646411118,A,Temperature,22.774999618530273
1646411118,A,Humidity,33.18399810791016
1646411118,A,Pressure,101591.0
1646411118,A,Gas,1333.4169921875
1646411118,A,Accelerometer,0.0
1646411118,A,Light,2162.0
1646411118,A,MIC,3.0
1646411118,A,RSSI,79.0
1646411118,B,Temperature,22.94499969482422
1646411118,B,Humidity,32.09400177001953
1646411118,B,Pressure,101547.0
1646411118,B,Gas,4923.35302734375
1646411118,B,Accelerometer,0.0
1646411118,B,Light,643.0
1646411118,B,MIC,3.0
1646411118,B,RSSI,87.0
1646411120,H,Temperature,23.915000915527344
1646411120,H,Humidity,28.52400016784668
1646411120,H,Pressure,101602.0
1646411120,H,Gas,4727.912109375
1646411120,H,Accelerometer,0.0
1646411120,H,Light,3571.0
1646411120,H,MIC,3.0
1646411120,H,RSSI,94.0
1646411122,D,Temperature,22.045000076293945
1646411122,D,Humidity,33.395999908447266
1646411122,D,Pressure,101615.0
1646411122,D,Gas,2926.01904296875
1646411122,D,Accelerometer,0.0
1646411122,D,Light,185.0
1646411122,D,MIC,3.0
1646411122,D,RSSI,69.0
1646411124,E,Temperature,22.19499969482422
1646411124,E,Humidity,32.873001098632805
1646411124,E,Pressure,101597.0
1646411124,E,Gas,3178.791015625
1646411124,E,Accelerometer,0.0
1646411124,E,Light,3706.0
1646411124,E,MIC,3.0
1646411124,E,RSSI,75.0
1646411124,F,Temperature,21.825000762939453
1646411124,F,Humidity,33.143001556396484
1646411124,F,Pressure,101638.0
1646411124,F,Gas,905.4539794921876
1646411124,F,Accelerometer,0.0
1646411124,F,Light,101.0
1646411124,F,MIC,3.0
1646411124,F,RSSI,78.0
1646411126,C,Temperature,22.80500030517578
1646411126,C,Humidity,33.46200180053711
1646411126,C,Pressure,101607.0
1646411126,C,Gas,1288.2139892578125
1646411126,C,Accelerometer,0.0
1646411126,C,Light,1181.0
1646411126,C,MIC,3.0
1646411126,C,RSSI,84.0
1646411126,G,Temperature,23.024999618530273
1646411126,G,Humidity,33.15900039672852
1646411126,G,Pressure,101614.0
1646411126,G,Gas,1819.1650390625
1646411126,G,Accelerometer,0.0
1646411126,G,Light,1455.0
1646411126,G,MIC,3.0
1646411126,G,RSSI,71.0
1646411128,A,Temperature,22.774999618530273
1646411128,A,Humidity,33.20600128173828
1646411128,A,Pressure,101591.0
1646411128,A,Gas,1334.1810302734375
1646411128,A,Accelerometer,0.0
1646411128,A,Light,2160.0
1646411128,A,MIC,3.0
1646411128,A,RSSI,79.0
1646411129,B,Temperature,22.95499992370605
1646411129,B,Humidity,32.07400131225586
1646411129,B,Pressure,101547.0
1646411129,B,Gas,4916.2119140625
1646411129,B,Accelerometer,0.0
1646411129,B,Light,642.0
1646411129,B,MIC,3.0
1646411129,B,RSSI,92.0
1646411130,H,Temperature,23.915000915527344
1646411130,H,Humidity,28.55200004577637
1646411130,H,Pressure,101602.0
1646411130,H,Gas,4729.89404296875
1646411130,H,Accelerometer,0.0
1646411130,H,Light,3572.0
1646411130,H,MIC,3.0
1646411130,H,RSSI,94.0
1646411132,D,Temperature,22.03499984741211
1646411132,D,Humidity,33.411998748779304
1646411132,D,Pressure,101615.0
1646411132,D,Gas,2946.760986328125
1646411132,D,Accelerometer,0.0
1646411132,D,Light,186.0
1646411132,D,MIC,3.0
1646411132,D,RSSI,69.0
1646411134,E,Temperature,22.19499969482422
1646411134,E,Humidity,32.863998413085945
1646411134,E,Pressure,101595.0
1646411134,E,Gas,3174.1689453125
1646411134,E,Accelerometer,0.0
1646411134,E,Light,3709.0
1646411134,E,MIC,3.0
1646411134,E,RSSI,75.0
1646411134,F,Temperature,21.825000762939453
1646411134,F,Humidity,33.12799835205078
1646411134,F,Pressure,101638.0
1646411134,F,Gas,891.3330078125
1646411134,F,Accelerometer,0.0
1646411134,F,Light,101.0
1646411134,F,MIC,3.0
1646411134,F,RSSI,73.0
1646411134,C,Temperature,22.82500076293945
1646411134,C,Humidity,33.470001220703125
1646411134,C,Pressure,101607.0
1646411134,C,Gas,1302.5400390625
1646411134,C,Accelerometer,0.0
1646411134,C,Light,1178.0
1646411134,C,MIC,3.0
1646411134,C,RSSI,82.0
1646411136,G,Temperature,23.01499938964844
1646411136,G,Humidity,33.182998657226555
1646411136,G,Pressure,101616.0
1646411136,G,Gas,1835.81494140625
1646411136,G,Accelerometer,0.0
1646411136,G,Light,1457.0
1646411136,G,MIC,3.0
1646411136,G,RSSI,71.0
1646411138,A,Temperature,22.774999618530273
1646411138,A,Humidity,33.20399856567383
1646411138,A,Pressure,101591.0
1646411138,A,Gas,1352.364990234375
1646411138,A,Accelerometer,0.0
1646411138,A,Light,2158.0
1646411138,A,MIC,3.0
1646411138,A,RSSI,79.0
1646411138,B,Temperature,22.95499992370605
1646411138,B,Humidity,32.073001861572266
1646411138,B,Pressure,101549.0
1646411138,B,Gas,4918.77978515625
1646411138,B,Accelerometer,0.0
1646411138,B,Light,645.0
1646411138,B,MIC,3.0
1646411138,B,RSSI,92.0
1646411140,H,Temperature,23.915000915527344
1646411140,H,Humidity,28.55900001525879
1646411140,H,Pressure,101604.0
1646411140,H,Gas,4734.27783203125
1646411140,H,Accelerometer,0.0
1646411140,H,Light,3571.0
1646411140,H,MIC,3.0
1646411140,H,RSSI,86.0
1646411142,D,Temperature,22.03499984741211
1646411142,D,Humidity,33.402999877929695
1646411142,D,Pressure,101615.0
1646411142,D,Gas,2941.5791015625
1646411142,D,Accelerometer,0.0
1646411142,D,Light,185.0
1646411142,D,MIC,3.0
1646411142,D,RSSI,69.0
1646411144,E,Temperature,22.174999237060547
1646411144,E,Humidity,32.904998779296875
1646411144,E,Pressure,101595.0
1646411144,E,Gas,3181.325927734375
1646411144,E,Accelerometer,0.0
1646411144,E,Light,3704.0
1646411144,E,MIC,3.0
1646411144,E,RSSI,75.0
1646411144,F,Temperature,21.825000762939453
1646411144,F,Humidity,33.154998779296875
1646411144,F,Pressure,101638.0
1646411144,F,Gas,879.7689819335938
1646411144,F,Accelerometer,0.0
1646411144,F,Light,102.0
1646411144,F,MIC,3.0
1646411144,F,RSSI,73.0
1646411144,C,Temperature,22.834999084472656
1646411144,C,Humidity,33.485000610351555
1646411144,C,Pressure,101609.0
1646411144,C,Gas,1300.93505859375
1646411144,C,Accelerometer,0.0
1646411144,C,Light,1180.0
1646411144,C,MIC,3.0
1646411144,C,RSSI,82.0
1646411147,G,Temperature,23.01499938964844
1646411147,G,Humidity,33.17699813842773
1646411147,G,Pressure,101614.0
1646411147,G,Gas,1838.85400390625
1646411147,G,Accelerometer,0.0
1646411147,G,Light,1456.0
1646411147,G,MIC,3.0
1646411147,G,RSSI,71.0
1646411148,A,Temperature,22.774999618530273
1646411148,A,Humidity,33.207000732421875
1646411148,A,Pressure,101591.0
1646411148,A,Gas,1337.490966796875
1646411148,A,Accelerometer,0.0
1646411148,A,Light,2173.0
1646411148,A,MIC,3.0
1646411148,A,RSSI,77.0
1646411149,B,Temperature,22.95499992370605
1646411149,B,Humidity,32.076000213623054
1646411149,B,Pressure,101547.0
1646411149,B,Gas,4921.94677734375
1646411149,B,Accelerometer,0.0
1646411149,B,Light,641.0
1646411149,B,MIC,3.0
1646411149,B,RSSI,92.0
1646411152,H,Temperature,23.90500068664551
1646411152,H,Humidity,28.57600021362305
1646411152,H,Pressure,101604.0
1646411152,H,Gas,4731.05078125
1646411152,H,Accelerometer,0.0
1646411152,H,Light,3570.0
1646411152,H,MIC,3.0
1646411152,H,RSSI,86.0
1646411152,D,Temperature,22.01499938964844
1646411152,D,Humidity,33.45199966430664
1646411152,D,Pressure,101617.0
1646411152,D,Gas,2936.985107421875
1646411152,D,Accelerometer,0.0
1646411152,D,Light,185.0
1646411152,D,MIC,3.0
1646411152,D,RSSI,56.0
1646411154,E,Temperature,22.174999237060547
1646411154,E,Humidity,32.88800048828125
1646411154,E,Pressure,101595.0
1646411154,E,Gas,3182.283935546875
1646411154,E,Accelerometer,0.0
1646411154,E,Light,3702.0
1646411154,E,MIC,3.0
1646411154,E,RSSI,75.0
1646411154,F,Temperature,21.825000762939453
1646411154,F,Humidity,33.166000366210945
1646411154,F,Pressure,101638.0
1646411154,F,Gas,887.5020141601562
1646411154,F,Accelerometer,0.0
1646411154,F,Light,102.0
1646411154,F,MIC,3.0
1646411154,F,RSSI,73.0
1646411154,C,Temperature,22.834999084472656
1646411154,C,Humidity,33.46500015258789
1646411154,C,Pressure,101605.0
1646411154,C,Gas,1305.0419921875
1646411154,C,Accelerometer,0.0
1646411154,C,Light,1180.0
1646411154,C,MIC,3.0
1646411154,C,RSSI,82.0
1646411157,G,Temperature,23.01499938964844
1646411157,G,Humidity,33.18399810791016
1646411157,G,Pressure,101614.0
1646411157,G,Gas,1848.5860595703125
1646411157,G,Accelerometer,0.0
1646411157,G,Light,1450.0
1646411157,G,MIC,3.0
1646411157,G,RSSI,71.0
1646411159,A,Temperature,22.774999618530273
1646411159,A,Humidity,33.191001892089844
1646411159,A,Pressure,101591.0
1646411159,A,Gas,1350.1390380859375
1646411159,A,Accelerometer,0.0
1646411159,A,Light,2160.0
1646411159,A,MIC,3.0
1646411159,A,RSSI,77.0
1646411160,B,Temperature,22.95499992370605
1646411160,B,Humidity,32.07699966430664
1646411160,B,Pressure,101547.0
1646411160,B,Gas,4932.1259765625
1646411160,B,Accelerometer,0.0
1646411160,B,Light,644.0
1646411160,B,MIC,3.0
1646411160,B,RSSI,92.0
1646411160,H,Temperature,23.895000457763672
1646411160,H,Humidity,28.58699989318848
1646411160,H,Pressure,101602.0
1646411160,H,Gas,4719.6982421875
1646411160,H,Accelerometer,0.0
1646411160,H,Light,3567.0
1646411160,H,MIC,3.0
1646411160,H,RSSI,86.0
1646411162,D,Temperature,22.024999618530273
1646411162,D,Humidity,33.444000244140625
1646411162,D,Pressure,101617.0
1646411162,D,Gas,2938.844970703125
1646411162,D,Accelerometer,0.0
1646411162,D,Light,183.0
1646411162,D,MIC,3.0
1646411162,D,RSSI,56.0
1646411164,E,Temperature,22.174999237060547
1646411164,E,Humidity,32.900001525878906
1646411164,E,Pressure,101595.0
1646411164,E,Gas,3189.590087890625
1646411164,E,Accelerometer,0.0
1646411164,E,Light,3706.0
1646411164,E,MIC,3.0
1646411164,E,RSSI,77.0
1646411164,F,Temperature,21.815000534057614
1646411164,F,Humidity,33.178001403808594
1646411164,F,Pressure,101638.0
1646411164,F,Gas,894.85302734375
1646411164,F,Accelerometer,0.0
1646411164,F,Light,103.0
1646411164,F,MIC,3.0
1646411164,F,RSSI,73.0
1646411165,C,Temperature,22.834999084472656
1646411165,C,Humidity,33.452999114990234
1646411165,C,Pressure,101611.0
1646411165,C,Gas,1302.47900390625
1646411165,C,Accelerometer,0.0
1646411165,C,Light,1181.0
1646411165,C,MIC,3.0
1646411165,C,RSSI,82.0
1646411167,G,Temperature,23.01499938964844
1646411167,G,Humidity,33.191001892089844
1646411167,G,Pressure,101616.0
1646411167,G,Gas,1845.2259521484373
1646411167,G,Accelerometer,0.0
1646411167,G,Light,1454.0
1646411167,G,MIC,3.0
1646411167,G,RSSI,71.0
1646411168,A,Temperature,22.78499984741211
1646411168,A,Humidity,33.161998748779304
1646411168,A,Pressure,101595.0
1646411168,A,Gas,1349.2979736328125
1646411168,A,Accelerometer,0.0
1646411168,A,Light,2171.0
1646411168,A,MIC,3.0
1646411168,A,RSSI,77.0
1646411168,B,Temperature,22.96500015258789
1646411168,B,Humidity,32.076000213623054
1646411168,B,Pressure,101549.0
1646411168,B,Gas,4944.31005859375
1646411168,B,Accelerometer,0.0
1646411168,B,Light,644.0
1646411168,B,MIC,3.0
1646411168,B,RSSI,92.0
1646411170,H,Temperature,23.875
1646411170,H,Humidity,28.61100006103516
1646411170,H,Pressure,101606.0
1646411170,H,Gas,4702.80322265625
1646411170,H,Accelerometer,0.0
1646411170,H,Light,3566.0
1646411170,H,MIC,3.0
1646411170,H,RSSI,86.0
1646411172,D,Temperature,22.03499984741211
1646411172,D,Humidity,33.41299819946289
1646411172,D,Pressure,101617.0
1646411172,D,Gas,2937.677001953125
1646411172,D,Accelerometer,0.0
1646411172,D,Light,182.0
1646411172,D,MIC,3.0
1646411172,D,RSSI,56.0
1646411174,E,Temperature,22.19499969482422
1646411174,E,Humidity,32.8489990234375
1646411174,E,Pressure,101597.0
1646411174,E,Gas,3195.0810546875
1646411174,E,Accelerometer,0.0
1646411174,E,Light,3707.0
1646411174,E,MIC,3.0
1646411174,E,RSSI,77.0
1646411174,F,Temperature,21.825000762939453
1646411174,F,Humidity,33.15999984741211
1646411174,F,Pressure,101638.0
1646411174,F,Gas,910.9119873046876
1646411174,F,Accelerometer,0.0
1646411174,F,Light,104.0
1646411174,F,MIC,3.0
1646411174,F,RSSI,73.0
1646411174,C,Temperature,22.834999084472656
1646411174,C,Humidity,33.45800018310547
1646411174,C,Pressure,101609.0
1646411174,C,Gas,1301.7039794921875
1646411174,C,Accelerometer,0.0
1646411174,C,Light,1174.0
1646411174,C,MIC,3.0
1646411174,C,RSSI,82.0
1646411176,G,Temperature,23.024999618530273
1646411176,G,Humidity,33.21799850463867
1646411176,G,Pressure,101616.0
1646411176,G,Gas,1844.196044921875
1646411176,G,Accelerometer,0.0
1646411176,G,Light,1455.0
1646411176,G,MIC,3.0
1646411176,G,RSSI,71.0
1646411178,A,Temperature,22.774999618530273
1646411178,A,Humidity,33.167999267578125
1646411178,A,Pressure,101591.0
1646411178,A,Gas,1338.4100341796875
1646411178,A,Accelerometer,0.0
1646411178,A,Light,2170.0
1646411178,A,MIC,3.0
1646411178,A,RSSI,77.0
1646411180,H,Temperature,23.854999542236328
1646411180,H,Humidity,28.64699935913086
1646411180,H,Pressure,101606.0
1646411180,H,Gas,4696.76904296875
1646411180,H,Accelerometer,0.0
1646411180,H,Light,3574.0
1646411180,H,MIC,3.0
1646411180,H,RSSI,86.0
1646411182,B,Temperature,22.96500015258789
1646411182,B,Humidity,32.07400131225586
1646411182,B,Pressure,101550.0
1646411182,B,Gas,4954.67822265625
1646411182,B,Accelerometer,0.0
1646411182,B,Light,642.0
1646411182,B,MIC,3.0
1646411182,B,RSSI,87.0
1646411182,D,Temperature,22.045000076293945
1646411182,D,Humidity,33.40900039672852
1646411182,D,Pressure,101617.0
1646411182,D,Gas,2930.60302734375
1646411182,D,Accelerometer,0.0
1646411182,D,Light,180.0
1646411182,D,MIC,3.0
1646411182,D,RSSI,56.0
1646411184,E,Temperature,22.184999465942386
1646411184,E,Humidity,32.85400009155273
1646411184,E,Pressure,101595.0
1646411184,E,Gas,3201.3369140625
1646411184,E,Accelerometer,0.0
1646411184,E,Light,3705.0
1646411184,E,MIC,3.0
1646411184,E,RSSI,77.0
1646411184,F,Temperature,21.825000762939453
1646411184,F,Humidity,33.18399810791016
1646411184,F,Pressure,101640.0
1646411184,F,Gas,905.5419921875
1646411184,F,Accelerometer,0.0
1646411184,F,Light,103.0
1646411184,F,MIC,3.0
1646411184,F,RSSI,77.0
1646411184,C,Temperature,22.834999084472656
1646411184,C,Humidity,33.472999572753906
1646411184,C,Pressure,101607.0
1646411184,C,Gas,1302.677978515625
1646411184,C,Accelerometer,0.0
1646411184,C,Light,1176.0
1646411184,C,MIC,3.0
1646411184,C,RSSI,75.0
1646411186,G,Temperature,23.024999618530273
1646411186,G,Humidity,33.26300048828125
1646411186,G,Pressure,101616.0
1646411186,G,Gas,1861.56103515625
1646411186,G,Accelerometer,0.0
1646411186,G,Light,1449.0
1646411186,G,MIC,3.0
1646411186,G,RSSI,71.0
1646411188,A,Temperature,22.774999618530273
1646411188,A,Humidity,33.173999786376946
1646411188,A,Pressure,101591.0
1646411188,A,Gas,1343.259033203125
1646411188,A,Accelerometer,0.0
1646411188,A,Light,2172.0
1646411188,A,MIC,3.0
1646411188,A,RSSI,77.0
1646411190,B,Temperature,22.95499992370605
1646411190,B,Humidity,32.09000015258789
1646411190,B,Pressure,101549.0
1646411190,B,Gas,4955.38623046875
1646411190,B,Accelerometer,0.0
1646411190,B,Light,643.0
1646411190,B,MIC,3.0
1646411190,B,RSSI,87.0
1646411190,H,Temperature,23.84499931335449
1646411190,H,Humidity,28.68199920654297
1646411190,H,Pressure,101600.0
1646411190,H,Gas,4704.51904296875
1646411190,H,Accelerometer,0.0
1646411190,H,Light,3573.0
1646411190,H,MIC,3.0
1646411190,H,RSSI,79.0
1646411192,D,Temperature,22.03499984741211
1646411192,D,Humidity,33.42599868774414
1646411192,D,Pressure,101617.0
1646411192,D,Gas,2938.2919921875
1646411192,D,Accelerometer,0.0
1646411192,D,Light,180.0
1646411192,D,MIC,3.0
1646411192,D,RSSI,56.0
1646411194,E,Temperature,22.184999465942386
1646411194,E,Humidity,32.84400177001953
1646411194,E,Pressure,101593.0
1646411194,E,Gas,3182.615966796875
1646411194,E,Accelerometer,0.0
1646411194,E,Light,3713.0
1646411194,E,MIC,3.0
1646411194,E,RSSI,77.0
1646411194,F,Temperature,21.825000762939453
1646411194,F,Humidity,33.14099884033203
1646411194,F,Pressure,101638.0
1646411194,F,Gas,900.5380249023438
1646411194,F,Accelerometer,0.0
1646411194,F,Light,103.0
1646411194,F,MIC,3.0
1646411194,F,RSSI,77.0
1646411194,C,Temperature,22.834999084472656
1646411194,C,Humidity,33.448001861572266
1646411194,C,Pressure,101609.0
1646411194,C,Gas,1292.9859619140625
1646411194,C,Accelerometer,0.0
1646411194,C,Light,1177.0
1646411194,C,MIC,3.0
1646411194,C,RSSI,75.0
1646411196,G,Temperature,23.024999618530273
1646411196,G,Humidity,33.29600143432617
1646411196,G,Pressure,101618.0
1646411196,G,Gas,1875.781005859375
1646411196,G,Accelerometer,0.0
1646411196,G,Light,1462.0
1646411196,G,MIC,3.0
1646411196,G,RSSI,70.0
1646411198,B,Temperature,22.94499969482422
1646411198,B,Humidity,32.123001098632805
1646411198,B,Pressure,101549.0
1646411198,B,Gas,4954.876953125
1646411198,B,Accelerometer,0.0
1646411198,B,Light,644.0
1646411198,B,MIC,3.0
1646411198,B,RSSI,87.0
1646411198,A,Temperature,22.78499984741211
1646411198,A,Humidity,33.161998748779304
1646411198,A,Pressure,101595.0
1646411198,A,Gas,1354.0140380859375
1646411198,A,Accelerometer,0.0
1646411198,A,Light,2171.0
1646411198,A,MIC,3.0
1646411198,A,RSSI,81.0
1646411200,H,Temperature,23.84499931335449
1646411200,H,Humidity,28.67799949645996
1646411200,H,Pressure,101600.0
1646411200,H,Gas,4702.9580078125
1646411200,H,Accelerometer,0.0
1646411200,H,Light,3567.0
1646411200,H,MIC,3.0
1646411200,H,RSSI,79.0
1646411202,D,Temperature,22.03499984741211
1646411202,D,Humidity,33.43899917602539
1646411202,D,Pressure,101615.0
1646411202,D,Gas,2937.3779296875
1646411202,D,Accelerometer,0.0
1646411202,D,Light,181.0
1646411202,D,MIC,3.0
1646411202,D,RSSI,57.0
1646411204,E,Temperature,22.19499969482422
1646411204,E,Humidity,32.830001831054695
1646411204,E,Pressure,101597.0
1646411204,E,Gas,3185.2119140625
1646411204,E,Accelerometer,0.0
1646411204,E,Light,3706.0
1646411204,E,MIC,3.0
1646411204,E,RSSI,77.0
1646411204,F,Temperature,21.815000534057614
1646411204,F,Humidity,33.173999786376946
1646411204,F,Pressure,101634.0
1646411204,F,Gas,898.3900146484375
1646411204,F,Accelerometer,0.0
1646411204,F,Light,103.0
1646411204,F,MIC,3.0
1646411204,F,RSSI,77.0
1646411205,C,Temperature,22.834999084472656
1646411205,C,Humidity,33.437000274658196
1646411205,C,Pressure,101609.0
1646411205,C,Gas,1288.949951171875
1646411205,C,Accelerometer,0.0
1646411205,C,Light,1173.0
1646411205,C,MIC,3.0
1646411205,C,RSSI,75.0
1646411207,G,Temperature,23.01499938964844
1646411207,G,Humidity,33.277999877929695
1646411207,G,Pressure,101618.0
1646411207,G,Gas,1896.9990234375
1646411207,G,Accelerometer,0.0
1646411207,G,Light,1450.0
1646411207,G,MIC,3.0
1646411207,G,RSSI,70.0
1646411208,B,Temperature,22.94499969482422
1646411208,B,Humidity,32.115001678466804
1646411208,B,Pressure,101549.0
1646411208,B,Gas,4953.41015625
1646411208,B,Accelerometer,0.0
1646411208,B,Light,643.0
1646411208,B,MIC,3.0
1646411208,B,RSSI,87.0
1646411208,A,Temperature,22.774999618530273
1646411208,A,Humidity,33.174999237060554
1646411208,A,Pressure,101589.0
1646411208,A,Gas,1345.14697265625
1646411208,A,Accelerometer,0.0
1646411208,A,Light,2171.0
1646411208,A,MIC,3.0
1646411208,A,RSSI,81.0
1646411211,H,Temperature,23.854999542236328
1646411211,H,Humidity,28.65699958801269
1646411211,H,Pressure,101604.0
1646411211,H,Gas,4692.56787109375
1646411211,H,Accelerometer,0.0
1646411211,H,Light,3571.0
1646411211,H,MIC,3.0
1646411211,H,RSSI,79.0
1646411212,D,Temperature,22.045000076293945
1646411212,D,Humidity,33.415000915527344
1646411212,D,Pressure,101615.0
1646411212,D,Gas,2952.73388671875
1646411212,D,Accelerometer,0.0
1646411212,D,Light,181.0
1646411212,D,MIC,3.0
1646411212,D,RSSI,57.0
1646411214,E,Temperature,22.19499969482422
1646411214,E,Humidity,32.85499954223633
1646411214,E,Pressure,101595.0
1646411214,E,Gas,3191.506103515625
1646411214,E,Accelerometer,0.0
1646411214,E,Light,3708.0
1646411214,E,MIC,3.0
1646411214,E,RSSI,61.0
1646411214,F,Temperature,21.825000762939453
1646411214,F,Humidity,33.167999267578125
1646411214,F,Pressure,101636.0
1646411214,F,Gas,910.8170166015624
1646411214,F,Accelerometer,0.0
1646411214,F,Light,104.0
1646411214,F,MIC,3.0
1646411214,F,RSSI,77.0
1646411214,C,Temperature,22.834999084472656
1646411214,C,Humidity,33.424999237060554
1646411214,C,Pressure,101605.0
1646411214,C,Gas,1281.666015625
1646411214,C,Accelerometer,0.0
1646411214,C,Light,1178.0
1646411214,C,MIC,3.0
1646411214,C,RSSI,75.0
1646411216,G,Temperature,23.01499938964844
1646411216,G,Humidity,33.24300003051758
1646411216,G,Pressure,101618.0
1646411216,G,Gas,1881.8480224609373
1646411216,G,Accelerometer,0.0
1646411216,G,Light,1454.0
1646411216,G,MIC,3.0
1646411216,G,RSSI,70.0
1646411218,B,Temperature,22.95499992370605
1646411218,B,Humidity,32.09400177001953
1646411218,B,Pressure,101545.0
1646411218,B,Gas,4943.88916015625
1646411218,B,Accelerometer,0.0
1646411218,B,Light,643.0
1646411218,B,MIC,3.0
1646411218,B,RSSI,87.0
1646411218,A,Temperature,22.78499984741211
1646411218,A,Humidity,33.138999938964844
1646411218,A,Pressure,101595.0
1646411218,A,Gas,1356.5439453125
1646411218,A,Accelerometer,0.0
1646411218,A,Light,2162.0
1646411218,A,MIC,3.0
1646411218,A,RSSI,81.0
1646411220,H,Temperature,23.88500022888184
1646411220,H,Humidity,28.62400054931641
1646411220,H,Pressure,101606.0
1646411220,H,Gas,4694.2119140625
1646411220,H,Accelerometer,0.0
1646411220,H,Light,3571.0
1646411220,H,MIC,3.0
1646411220,H,RSSI,79.0
1646411222,D,Temperature,22.03499984741211
1646411222,D,Humidity,33.42100143432617
1646411222,D,Pressure,101617.0
1646411222,D,Gas,2929.052978515625
1646411222,D,Accelerometer,0.0
1646411222,D,Light,182.0
1646411222,D,MIC,3.0
1646411222,D,RSSI,57.0
1646411224,E,Temperature,22.20499992370605
1646411224,E,Humidity,32.830001831054695
1646411224,E,Pressure,101595.0
1646411224,E,Gas,3188.626953125
1646411224,E,Accelerometer,0.0
1646411224,E,Light,3711.0
1646411224,E,MIC,3.0
1646411224,E,RSSI,61.0
1646411224,F,Temperature,21.815000534057614
1646411224,F,Humidity,33.200000762939446
1646411224,F,Pressure,101640.0
1646411224,F,Gas,912.6719970703124
1646411224,F,Accelerometer,0.0
1646411224,F,Light,104.0
1646411224,F,MIC,3.0
1646411224,F,RSSI,77.0
1646411224,C,Temperature,22.84499931335449
1646411224,C,Humidity,33.445999145507805
1646411224,C,Pressure,101611.0
1646411224,C,Gas,1280.0880126953125
1646411224,C,Accelerometer,0.0
1646411224,C,Light,1175.0
1646411224,C,MIC,3.0
1646411224,C,RSSI,75.0
1646411227,G,Temperature,23.01499938964844
1646411227,G,Humidity,33.205001831054695
1646411227,G,Pressure,101618.0
1646411227,G,Gas,1868.822998046875
1646411227,G,Accelerometer,0.0
1646411227,G,Light,1454.0
1646411227,G,MIC,3.0
1646411227,G,RSSI,70.0
1646411228,A,Temperature,22.78499984741211
1646411228,A,Humidity,33.15200042724609
1646411228,A,Pressure,101593.0
1646411228,A,Gas,1352.60302734375
1646411228,A,Accelerometer,0.0
1646411228,A,Light,2168.0
1646411228,A,MIC,3.0
1646411228,A,RSSI,81.0
1646411229,B,Temperature,22.95499992370605
1646411229,B,Humidity,32.090999603271484
1646411229,B,Pressure,101549.0
1646411229,B,Gas,4948.56103515625
1646411229,B,Accelerometer,0.0
1646411229,B,Light,644.0
1646411229,B,MIC,3.0
1646411229,B,RSSI,84.0
1646411230,H,Temperature,23.875
1646411230,H,Humidity,28.63400077819824
1646411230,H,Pressure,101604.0
1646411230,H,Gas,4700.51123046875
1646411230,H,Accelerometer,0.0
1646411230,H,Light,3571.0
1646411230,H,MIC,3.0
1646411230,H,RSSI,79.0
1646411232,D,Temperature,22.03499984741211
1646411232,D,Humidity,33.429000854492195
1646411232,D,Pressure,101617.0
1646411232,D,Gas,2939.2880859375
1646411232,D,Accelerometer,0.0
1646411232,D,Light,181.0
1646411232,D,MIC,3.0
1646411232,D,RSSI,57.0
1646411234,E,Temperature,22.20499992370605
1646411234,E,Humidity,32.840999603271484
1646411234,E,Pressure,101595.0
1646411234,E,Gas,3186.89990234375
1646411234,E,Accelerometer,0.0
1646411234,E,Light,3713.0
1646411234,E,MIC,3.0
1646411234,E,RSSI,61.0
1646411234,F,Temperature,21.815000534057614
1646411234,F,Humidity,33.18399810791016
1646411234,F,Pressure,101642.0
1646411234,F,Gas,906.9869995117188
1646411234,F,Accelerometer,0.0
1646411234,F,Light,104.0
1646411234,F,MIC,3.0
1646411234,F,RSSI,77.0
1646411235,C,Temperature,22.82500076293945
1646411235,C,Humidity,33.472999572753906
1646411235,C,Pressure,101609.0
1646411235,C,Gas,1276.8280029296875
1646411235,C,Accelerometer,0.0
1646411235,C,Light,1170.0
1646411235,C,MIC,3.0
1646411235,C,RSSI,66.0
1646411236,G,Temperature,23.01499938964844
1646411236,G,Humidity,33.22499847412109
1646411236,G,Pressure,101614.0
1646411236,G,Gas,1874.845947265625
1646411236,G,Accelerometer,0.0
1646411236,G,Light,1458.0
1646411236,G,MIC,3.0
1646411236,G,RSSI,70.0
1646411239,A,Temperature,22.774999618530273
1646411239,A,Humidity,33.185001373291016
1646411239,A,Pressure,101589.0
1646411239,A,Gas,1351.843994140625
1646411239,A,Accelerometer,0.0
1646411239,A,Light,2175.0
1646411239,A,MIC,3.0
1646411239,A,RSSI,81.0
1646411242,B,Temperature,22.96500015258789
1646411242,B,Humidity,32.077999114990234
1646411242,B,Pressure,101549.0
1646411242,B,Gas,4955.00390625
1646411242,B,Accelerometer,0.0
1646411242,B,Light,646.0
1646411242,B,MIC,3.0
1646411242,B,RSSI,84.0
1646411242,H,Temperature,23.88500022888184
1646411242,H,Humidity,28.606000900268555
1646411242,H,Pressure,101604.0
1646411242,H,Gas,4694.10107421875
1646411242,H,Accelerometer,0.0
1646411242,H,Light,3572.0
1646411242,H,MIC,3.0
1646411242,H,RSSI,92.0
1646411242,D,Temperature,22.03499984741211
1646411242,D,Humidity,33.42599868774414
1646411242,D,Pressure,101615.0
1646411242,D,Gas,2938.739990234375
1646411242,D,Accelerometer,0.0
1646411242,D,Light,181.0
1646411242,D,MIC,3.0
1646411242,D,RSSI,57.0
1646411244,E,Temperature,22.20499992370605
1646411244,E,Humidity,32.81800079345703
1646411244,E,Pressure,101595.0
1646411244,E,Gas,3179.68701171875
1646411244,E,Accelerometer,0.0
1646411244,E,Light,3707.0
1646411244,E,MIC,3.0
1646411244,E,RSSI,61.0
1646411245,F,Temperature,21.825000762939453
1646411245,F,Humidity,33.15700149536133
1646411245,F,Pressure,101638.0
1646411245,F,Gas,910.35302734375
1646411245,F,Accelerometer,0.0
1646411245,F,Light,105.0
1646411245,F,MIC,3.0
1646411245,F,RSSI,77.0
1646411245,C,Temperature,22.795000076293945
1646411245,C,Humidity,33.505001068115234
1646411245,C,Pressure,101609.0
1646411245,C,Gas,1284.0849609375
1646411245,C,Accelerometer,0.0
1646411245,C,Light,1171.0
1646411245,C,MIC,3.0
1646411245,C,RSSI,66.0
1646411246,G,Temperature,23.01499938964844
1646411246,G,Humidity,33.2239990234375
1646411246,G,Pressure,101616.0
1646411246,G,Gas,1880.4310302734373
1646411246,G,Accelerometer,0.0
1646411246,G,Light,1462.0
1646411246,G,MIC,3.0
1646411246,G,RSSI,70.0
1646411249,A,Temperature,22.78499984741211
1646411249,A,Humidity,33.167999267578125
1646411249,A,Pressure,101595.0
1646411249,A,Gas,1351.916015625
1646411249,A,Accelerometer,0.0
1646411249,A,Light,2176.0
1646411249,A,MIC,3.0
1646411249,A,RSSI,81.0
1646411250,B,Temperature,22.97500038146973
1646411250,B,Humidity,32.075000762939446
1646411250,B,Pressure,101552.0
1646411250,B,Gas,4953.41015625
1646411250,B,Accelerometer,0.0
1646411250,B,Light,638.0
1646411250,B,MIC,3.0
1646411250,B,RSSI,84.0
1646411250,H,Temperature,23.88500022888184
1646411250,H,Humidity,28.62700080871582
1646411250,H,Pressure,101604.0
1646411250,H,Gas,4683.93798828125
1646411250,H,Accelerometer,0.0
1646411250,H,Light,3574.0
1646411250,H,MIC,3.0
1646411250,H,RSSI,92.0
1646411252,D,Temperature,22.024999618530273
1646411252,D,Humidity,33.43399810791016
1646411252,D,Pressure,101615.0
1646411252,D,Gas,2949.656005859375
1646411252,D,Accelerometer,0.0
1646411252,D,Light,181.0
1646411252,D,MIC,3.0
1646411252,D,RSSI,54.0
1646411254,E,Temperature,22.20499992370605
1646411254,E,Humidity,32.819000244140625
1646411254,E,Pressure,101595.0
1646411254,E,Gas,3175.972900390625
1646411254,E,Accelerometer,0.0
1646411254,E,Light,3712.0
1646411254,E,MIC,3.0
1646411254,E,RSSI,61.0
1646411254,F,Temperature,21.815000534057614
1646411254,F,Humidity,33.20600128173828
1646411254,F,Pressure,101640.0
1646411254,F,Gas,915.8489990234376
1646411254,F,Accelerometer,0.0
1646411254,F,Light,105.0
1646411254,F,MIC,3.0
1646411254,F,RSSI,77.0
1646411254,C,Temperature,22.795000076293945
1646411254,C,Humidity,33.472000122070305
1646411254,C,Pressure,101609.0
1646411254,C,Gas,1287.5169677734375
1646411254,C,Accelerometer,0.0
1646411254,C,Light,1172.0
1646411254,C,MIC,3.0
1646411254,C,RSSI,66.0
1646411256,G,Temperature,23.024999618530273
1646411256,G,Humidity,33.2239990234375
1646411256,G,Pressure,101616.0
1646411256,G,Gas,1891.989013671875
1646411256,G,Accelerometer,0.0
1646411256,G,Light,1462.0
1646411256,G,MIC,3.0
1646411256,G,RSSI,70.0
1646411258,A,Temperature,22.774999618530273
1646411258,A,Humidity,33.185001373291016
1646411258,A,Pressure,101593.0
1646411258,A,Gas,1352.281982421875
1646411258,A,Accelerometer,0.0
1646411258,A,Light,2167.0
1646411258,A,MIC,3.0
1646411258,A,RSSI,81.0
1646411261,H,Temperature,23.875
1646411261,H,Humidity,28.663000106811523
1646411261,H,Pressure,101604.0
1646411261,H,Gas,4699.34912109375
1646411261,H,Accelerometer,0.0
1646411261,H,Light,3569.0
1646411261,H,MIC,3.0
1646411261,H,RSSI,92.0
1646411261,B,Temperature,22.97500038146973
1646411261,B,Humidity,32.082000732421875
1646411261,B,Pressure,101547.0
1646411261,B,Gas,4939.12890625
1646411261,B,Accelerometer,0.0
1646411261,B,Light,633.0
1646411261,B,MIC,3.0
1646411261,B,RSSI,84.0
1646411262,D,Temperature,22.024999618530273
1646411262,D,Humidity,33.435001373291016
1646411262,D,Pressure,101617.0
1646411262,D,Gas,2939.736083984375
1646411262,D,Accelerometer,0.0
1646411262,D,Light,181.0
1646411262,D,MIC,3.0
1646411262,D,RSSI,54.0
1646411264,E,Temperature,22.20499992370605
1646411264,E,Humidity,32.82899856567383
1646411264,E,Pressure,101595.0
1646411264,E,Gas,3179.044921875
1646411264,E,Accelerometer,0.0
1646411264,E,Light,3711.0
1646411264,E,MIC,3.0
1646411264,E,RSSI,58.0
1646411264,F,Temperature,21.815000534057614
1646411264,F,Humidity,33.200000762939446
1646411264,F,Pressure,101640.0
1646411264,F,Gas,909.9539794921876
1646411264,F,Accelerometer,0.0
1646411264,F,Light,105.0
1646411264,F,MIC,3.0
1646411264,F,RSSI,77.0
1646411264,C,Temperature,22.815000534057607
1646411264,C,Humidity,33.459999084472656
1646411264,C,Pressure,101611.0
1646411264,C,Gas,1282.0479736328125
1646411264,C,Accelerometer,0.0
1646411264,C,Light,1173.0
1646411264,C,MIC,3.0
1646411264,C,RSSI,66.0
1646411267,G,Temperature,23.024999618530273
1646411267,G,Humidity,33.21099853515625
1646411267,G,Pressure,101616.0
1646411267,G,Gas,1886.7750244140625
1646411267,G,Accelerometer,0.0
1646411267,G,Light,1456.0
1646411267,G,MIC,3.0
1646411267,G,RSSI,70.0
1646411268,A,Temperature,22.774999618530273
1646411268,A,Humidity,33.19499969482422
1646411268,A,Pressure,101591.0
1646411268,A,Gas,1367.81396484375
1646411268,A,Accelerometer,0.0
1646411268,A,Light,2173.0
1646411268,A,MIC,3.0
1646411268,A,RSSI,81.0
1646411269,B,Temperature,22.97500038146973
1646411269,B,Humidity,32.070999145507805
1646411269,B,Pressure,101549.0
1646411269,B,Gas,4935.38623046875
1646411269,B,Accelerometer,0.0
1646411269,B,Light,640.0
1646411269,B,MIC,3.0
1646411269,B,RSSI,84.0
1646411270,H,Temperature,23.895000457763672
1646411270,H,Humidity,28.60300064086914
1646411270,H,Pressure,101606.0
1646411270,H,Gas,4720.998046875
1646411270,H,Accelerometer,0.0
1646411270,H,Light,3572.0
1646411270,H,MIC,3.0
1646411270,H,RSSI,92.0
1646411272,D,Temperature,22.01499938964844
1646411272,D,Humidity,33.465999603271484
1646411272,D,Pressure,101617.0
1646411272,D,Gas,2934.610107421875
1646411272,D,Accelerometer,0.0
1646411272,D,Light,181.0
1646411272,D,MIC,3.0
1646411272,D,RSSI,54.0
1646411274,E,Temperature,22.20499992370605
1646411274,E,Humidity,32.83599853515625
1646411274,E,Pressure,101595.0
1646411274,E,Gas,3194.39501953125
1646411274,E,Accelerometer,0.0
1646411274,E,Light,3705.0
1646411274,E,MIC,3.0
1646411274,E,RSSI,58.0
1646411275,F,Temperature,21.825000762939453
1646411275,F,Humidity,33.179000854492195
1646411275,F,Pressure,101640.0
1646411275,F,Gas,910.7009887695312
1646411275,F,Accelerometer,0.0
1646411275,F,Light,105.0
1646411275,F,MIC,3.0
1646411275,F,RSSI,77.0
1646411277,G,Temperature,23.024999618530273
1646411277,G,Humidity,33.19499969482422
1646411277,G,Pressure,101618.0
1646411277,G,Gas,1863.614990234375
1646411277,G,Accelerometer,0.0
1646411277,G,Light,1453.0
1646411277,G,MIC,3.0
1646411277,G,RSSI,70.0
1646411277,C,Temperature,22.82500076293945
1646411277,C,Humidity,33.46200180053711
1646411277,C,Pressure,101611.0
1646411277,C,Gas,1276.323974609375
1646411277,C,Accelerometer,0.0
1646411277,C,Light,1171.0
1646411277,C,MIC,3.0
1646411277,C,RSSI,66.0
1646411278,A,Temperature,22.774999618530273
1646411278,A,Humidity,33.20199966430664
1646411278,A,Pressure,101593.0
1646411278,A,Gas,1357.8170166015625
1646411278,A,Accelerometer,0.0
1646411278,A,Light,2171.0
1646411278,A,MIC,3.0
1646411278,A,RSSI,81.0
1646411279,B,Temperature,22.97500038146973
1646411279,B,Humidity,32.077999114990234
1646411279,B,Pressure,101549.0
1646411279,B,Gas,4929.2421875
1646411279,B,Accelerometer,0.0
1646411279,B,Light,636.0
1646411279,B,MIC,3.0
1646411279,B,RSSI,84.0
1646411280,H,Temperature,23.895000457763672
1646411280,H,Humidity,28.61199951171875
1646411280,H,Pressure,101606.0
1646411280,H,Gas,4707.884765625
1646411280,H,Accelerometer,0.0
1646411280,H,Light,3577.0
1646411280,H,MIC,3.0
1646411280,H,RSSI,92.0
1646411282,D,Temperature,22.024999618530273
1646411282,D,Humidity,33.423999786376946
1646411282,D,Pressure,101619.0
1646411282,D,Gas,2937.81005859375
1646411282,D,Accelerometer,0.0
1646411282,D,Light,181.0
1646411282,D,MIC,3.0
1646411282,D,RSSI,54.0
1646411284,E,Temperature,22.20499992370605
1646411284,E,Humidity,32.838001251220696
1646411284,E,Pressure,101595.0
1646411284,E,Gas,3195.69091796875
1646411284,E,Accelerometer,0.0
1646411284,E,Light,3707.0
1646411284,E,MIC,3.0
1646411284,E,RSSI,58.0
1646411284,F,Temperature,21.815000534057614
1646411284,F,Humidity,33.174999237060554
1646411284,F,Pressure,101640.0
1646411284,F,Gas,910.8670043945312
1646411284,F,Accelerometer,0.0
1646411284,F,Light,106.0
1646411284,F,MIC,3.0
1646411284,F,RSSI,78.0
1646411285,C,Temperature,22.834999084472656
1646411285,C,Humidity,33.41899871826172
1646411285,C,Pressure,101609.0
1646411285,C,Gas,1278.3780517578125
1646411285,C,Accelerometer,0.0
1646411285,C,Light,1179.0
1646411285,C,MIC,3.0
1646411285,C,RSSI,75.0
1646411287,G,Temperature,23.024999618530273
1646411287,G,Humidity,33.202999114990234
1646411287,G,Pressure,101622.0
1646411287,G,Gas,1860.072021484375
1646411287,G,Accelerometer,0.0
1646411287,G,Light,1463.0
1646411287,G,MIC,3.0
1646411287,G,RSSI,70.0
1646411289,A,Temperature,22.774999618530273
1646411289,A,Humidity,33.207000732421875
1646411289,A,Pressure,101593.0
1646411289,A,Gas,1360.280029296875
1646411289,A,Accelerometer,0.0
1646411289,A,Light,2162.0
1646411289,A,MIC,3.0
1646411289,A,RSSI,81.0
1646411289,B,Temperature,22.96500015258789
1646411289,B,Humidity,32.10400009155273
1646411289,B,Pressure,101550.0
1646411289,B,Gas,4935.89599609375
1646411289,B,Accelerometer,0.0
1646411289,B,Light,638.0
1646411289,B,MIC,3.0
1646411289,B,RSSI,84.0
1646411291,H,Temperature,23.915000915527344
1646411291,H,Humidity,28.60000038146973
1646411291,H,Pressure,101606.0
1646411291,H,Gas,4709.1298828125
1646411291,H,Accelerometer,0.0
1646411291,H,Light,3581.0
1646411291,H,MIC,3.0
1646411291,H,RSSI,95.0
1646411292,D,Temperature,22.01499938964844
1646411292,D,Humidity,33.43600082397461
1646411292,D,Pressure,101619.0
1646411292,D,Gas,2935.805908203125
1646411292,D,Accelerometer,0.0
1646411292,D,Light,181.0
1646411292,D,MIC,3.0
1646411292,D,RSSI,54.0
1646411294,E,Temperature,22.20499992370605
1646411294,E,Humidity,32.83300018310547
1646411294,E,Pressure,101595.0
1646411294,E,Gas,3197.9990234375
1646411294,E,Accelerometer,0.0
1646411294,E,Light,3712.0
1646411294,E,MIC,3.0
1646411294,E,RSSI,58.0
1646411294,F,Temperature,21.825000762939453
1646411294,F,Humidity,33.18399810791016
1646411294,F,Pressure,101640.0
1646411294,F,Gas,902.3480224609376
1646411294,F,Accelerometer,0.0
1646411294,F,Light,106.0
1646411294,F,MIC,3.0
1646411294,F,RSSI,78.0
1646411295,C,Temperature,22.834999084472656
1646411295,C,Humidity,33.42300033569336
1646411295,C,Pressure,101609.0
1646411295,C,Gas,1276.10302734375
1646411295,C,Accelerometer,0.0
1646411295,C,Light,1181.0
1646411295,C,MIC,3.0
1646411295,C,RSSI,75.0
1646411297,G,Temperature,23.01499938964844
1646411297,G,Humidity,33.21500015258789
1646411297,G,Pressure,101616.0
1646411297,G,Gas,1855.427978515625
1646411297,G,Accelerometer,0.0
1646411297,G,Light,1463.0
1646411297,G,MIC,3.0
1646411297,G,RSSI,76.0
1646411299,A,Temperature,22.774999618530273
1646411299,A,Humidity,33.200000762939446
1646411299,A,Pressure,101593.0
1646411299,A,Gas,1363.6629638671875
1646411299,A,Accelerometer,0.0
1646411299,A,Light,2163.0
1646411299,A,MIC,3.0
1646411299,A,RSSI,80.0
1646411299,B,Temperature,22.95499992370605
1646411299,B,Humidity,32.130001068115234
1646411299,B,Pressure,101549.0
1646411299,B,Gas,4960.93310546875
1646411299,B,Accelerometer,0.0
1646411299,B,Light,640.0
1646411299,B,MIC,3.0
1646411299,B,RSSI,84.0
1646411301,H,Temperature,23.915000915527344
1646411301,H,Humidity,28.586000442504893
1646411301,H,Pressure,101606.0
1646411301,H,Gas,4725.88623046875
1646411301,H,Accelerometer,0.0
1646411301,H,Light,3583.0
1646411301,H,MIC,3.0
1646411301,H,RSSI,95.0
1646411302,D,Temperature,22.024999618530273
1646411302,D,Humidity,33.424999237060554
1646411302,D,Pressure,101619.0
1646411302,D,Gas,2920.9208984375
1646411302,D,Accelerometer,0.0
1646411302,D,Light,183.0
1646411302,D,MIC,3.0
1646411302,D,RSSI,69.0
1646411304,E,Temperature,22.20499992370605
1646411304,E,Humidity,32.80599975585937
1646411304,E,Pressure,101595.0
1646411304,E,Gas,3191.0458984375
1646411304,E,Accelerometer,0.0
1646411304,E,Light,3712.0
1646411304,E,MIC,3.0
1646411304,E,RSSI,58.0
1646411304,F,Temperature,21.815000534057614
1646411304,F,Humidity,33.200000762939446
1646411304,F,Pressure,101638.0
1646411304,F,Gas,913.7009887695312
1646411304,F,Accelerometer,0.0
1646411304,F,Light,106.0
1646411304,F,MIC,3.0
1646411304,F,RSSI,78.0
1646411304,C,Temperature,22.834999084472656
1646411304,C,Humidity,33.411998748779304
1646411304,C,Pressure,101609.0
1646411304,C,Gas,1291.385986328125
1646411304,C,Accelerometer,0.0
1646411304,C,Light,1180.0
1646411304,C,MIC,3.0
1646411304,C,RSSI,75.0
1646411307,G,Temperature,23.01499938964844
1646411307,G,Humidity,33.187999725341804
1646411307,G,Pressure,101618.0
1646411307,G,Gas,1838.449951171875
1646411307,G,Accelerometer,0.0
1646411307,G,Light,1462.0
1646411307,G,MIC,3.0
1646411307,G,RSSI,76.0
1646411309,A,Temperature,22.774999618530273
1646411309,A,Humidity,33.19499969482422
1646411309,A,Pressure,101591.0
1646411309,A,Gas,1369.23095703125
1646411309,A,Accelerometer,0.0
1646411309,A,Light,2162.0
1646411309,A,MIC,3.0
1646411309,A,RSSI,80.0
1646411310,B,Temperature,22.94499969482422
1646411310,B,Humidity,32.16299819946289
1646411310,B,Pressure,101550.0
1646411310,B,Gas,4958.80712890625
1646411310,B,Accelerometer,0.0
1646411310,B,Light,637.0
1646411310,B,MIC,3.0
1646411310,B,RSSI,84.0
1646411310,H,Temperature,23.915000915527344
1646411310,H,Humidity,28.590999603271484
1646411310,H,Pressure,101602.0
1646411310,H,Gas,4743.001953125
1646411310,H,Accelerometer,0.0
1646411310,H,Light,3583.0
1646411310,H,MIC,2.0
1646411310,H,RSSI,95.0
1646411312,D,Temperature,22.024999618530273
1646411312,D,Humidity,33.42300033569336
1646411312,D,Pressure,101617.0
1646411312,D,Gas,2924.618896484375
1646411312,D,Accelerometer,0.0
1646411312,D,Light,184.0
1646411312,D,MIC,3.0
1646411312,D,RSSI,69.0
1646411314,E,Temperature,22.20499992370605
1646411314,E,Humidity,32.81800079345703
1646411314,E,Pressure,101595.0
1646411314,E,Gas,3198.595947265625
1646411314,E,Accelerometer,0.0
1646411314,E,Light,3714.0
1646411314,E,MIC,3.0
1646411314,E,RSSI,75.0
1646411314,F,Temperature,21.815000534057614
1646411314,F,Humidity,33.19300079345703
1646411314,F,Pressure,101640.0
1646411314,F,Gas,914.2990112304688
1646411314,F,Accelerometer,0.0
1646411314,F,Light,106.0
1646411314,F,MIC,3.0
1646411314,F,RSSI,78.0
1646411314,C,Temperature,22.815000534057607
1646411314,C,Humidity,33.47999954223633
1646411314,C,Pressure,101611.0
1646411314,C,Gas,1298.98095703125
1646411314,C,Accelerometer,0.0
1646411314,C,Light,1175.0
1646411314,C,MIC,3.0
1646411314,C,RSSI,75.0
1646411317,G,Temperature,23.0049991607666
1646411317,G,Humidity,33.201000213623054
1646411317,G,Pressure,101620.0
1646411317,G,Gas,1829.072998046875
1646411317,G,Accelerometer,0.0
1646411317,G,Light,1458.0
1646411317,G,MIC,3.0
1646411317,G,RSSI,76.0
1646411318,A,Temperature,22.774999618530273
1646411318,A,Humidity,33.195999145507805
1646411318,A,Pressure,101593.0
1646411318,A,Gas,1360.175048828125
1646411318,A,Accelerometer,0.0
1646411318,A,Light,2166.0
1646411318,A,MIC,3.0
1646411318,A,RSSI,80.0
1646411319,B,Temperature,22.94499969482422
1646411319,B,Humidity,32.16699981689453
1646411319,B,Pressure,101550.0
1646411319,B,Gas,4964.96923828125
1646411319,B,Accelerometer,0.0
1646411319,B,Light,638.0
1646411319,B,MIC,3.0
1646411319,B,RSSI,84.0
1646411321,H,Temperature,23.915000915527344
1646411321,H,Humidity,28.59499931335449
1646411321,H,Pressure,101606.0
1646411321,H,Gas,4718.31396484375
1646411321,H,Accelerometer,0.0
1646411321,H,Light,3584.0
1646411321,H,MIC,2.0
1646411321,H,RSSI,95.0
1646411322,D,Temperature,22.024999618530273
1646411322,D,Humidity,33.423999786376946
1646411322,D,Pressure,101621.0
1646411322,D,Gas,2919.73095703125
1646411322,D,Accelerometer,0.0
1646411322,D,Light,185.0
1646411322,D,MIC,3.0
1646411322,D,RSSI,69.0
1646411324,E,Temperature,22.20499992370605
1646411324,E,Humidity,32.80699920654297
1646411324,E,Pressure,101595.0
1646411324,E,Gas,3202.051025390625
1646411324,E,Accelerometer,0.0
1646411324,E,Light,3714.0
1646411324,E,MIC,3.0
1646411324,E,RSSI,75.0
1646411324,F,Temperature,21.815000534057614
1646411324,F,Humidity,33.192001342773445
1646411324,F,Pressure,101642.0
1646411324,F,Gas,915.4400024414062
1646411324,F,Accelerometer,0.0
1646411324,F,Light,106.0
1646411324,F,MIC,3.0
1646411324,F,RSSI,78.0
1646411325,C,Temperature,22.815000534057607
1646411325,C,Humidity,33.46900177001953
1646411325,C,Pressure,101613.0
1646411325,C,Gas,1300.154052734375
1646411325,C,Accelerometer,0.0
1646411325,C,Light,1175.0
1646411325,C,MIC,3.0
1646411325,C,RSSI,75.0
1646411327,G,Temperature,23.024999618530273
1646411327,G,Humidity,33.18399810791016
1646411327,G,Pressure,101616.0
1646411327,G,Gas,1833.7120361328125
1646411327,G,Accelerometer,0.0
1646411327,G,Light,1466.0
1646411327,G,MIC,3.0
1646411327,G,RSSI,76.0
1646411329,A,Temperature,22.78499984741211
1646411329,A,Humidity,33.200000762939446
1646411329,A,Pressure,101595.0
1646411329,A,Gas,1364.1109619140625
1646411329,A,Accelerometer,0.0
1646411329,A,Light,2173.0
1646411329,A,MIC,3.0
1646411329,A,RSSI,80.0
1646411329,B,Temperature,22.94499969482422
1646411329,B,Humidity,32.17599868774414
1646411329,B,Pressure,101550.0
1646411329,B,Gas,4969.93896484375
1646411329,B,Accelerometer,0.0
1646411329,B,Light,637.0
1646411329,B,MIC,3.0
1646411329,B,RSSI,92.0
1646411331,H,Temperature,23.915000915527344
1646411331,H,Humidity,28.58699989318848
1646411331,H,Pressure,101604.0
1646411331,H,Gas,4715.2861328125
1646411331,H,Accelerometer,0.0
1646411331,H,Light,3583.0
1646411331,H,MIC,2.0
1646411331,H,RSSI,95.0
1646411332,D,Temperature,22.03499984741211
1646411332,D,Humidity,33.41299819946289
1646411332,D,Pressure,101619.0
1646411332,D,Gas,2928.85302734375
1646411332,D,Accelerometer,0.0
1646411332,D,Light,186.0
1646411332,D,MIC,3.0
1646411332,D,RSSI,69.0
1646411334,E,Temperature,22.19499969482422
1646411334,E,Humidity,32.830001831054695
1646411334,E,Pressure,101597.0
1646411334,E,Gas,3207.758056640625
1646411334,E,Accelerometer,0.0
1646411334,E,Light,3715.0
1646411334,E,MIC,3.0
1646411334,E,RSSI,75.0
1646411335,F,Temperature,21.815000534057614
1646411335,F,Humidity,33.194000244140625
1646411335,F,Pressure,101640.0
1646411335,F,Gas,912.655029296875
1646411335,F,Accelerometer,0.0
1646411335,F,Light,106.0
1646411335,F,MIC,3.0
1646411335,F,RSSI,73.0
1646411335,C,Temperature,22.82500076293945
1646411335,C,Humidity,33.470001220703125
1646411335,C,Pressure,101611.0
1646411335,C,Gas,1308.64599609375
1646411335,C,Accelerometer,0.0
1646411335,C,Light,1176.0
1646411335,C,MIC,3.0
1646411335,C,RSSI,85.0
1646411338,A,Temperature,22.774999618530273
1646411338,A,Humidity,33.26599884033203
1646411338,A,Pressure,101591.0
1646411338,A,Gas,1363.1650390625
1646411338,A,Accelerometer,0.0
1646411338,A,Light,2166.0
1646411338,A,MIC,3.0
1646411338,A,RSSI,80.0
1646411341,B,Temperature,22.95499992370605
1646411341,B,Humidity,32.18199920654297
1646411341,B,Pressure,101549.0
1646411341,B,Gas,4976.0888671875
1646411341,B,Accelerometer,0.0
1646411341,B,Light,641.0
1646411341,B,MIC,3.0
1646411341,B,RSSI,92.0
1646411341,G,Temperature,23.024999618530273
1646411341,G,Humidity,33.187000274658196
1646411341,G,Pressure,101622.0
1646411341,G,Gas,1818.4010009765625
1646411341,G,Accelerometer,0.0
1646411341,G,Light,1461.0
1646411341,G,MIC,3.0
1646411341,G,RSSI,76.0
1646411342,H,Temperature,23.92499923706055
1646411342,H,Humidity,28.572999954223643
1646411342,H,Pressure,101604.0
1646411342,H,Gas,4719.033203125
1646411342,H,Accelerometer,0.0
1646411342,H,Light,3584.0
1646411342,H,MIC,2.0
1646411342,H,RSSI,92.0
1646411342,D,Temperature,22.03499984741211
1646411342,D,Humidity,33.43099975585937
1646411342,D,Pressure,101617.0
1646411342,D,Gas,2933.902099609375
1646411342,D,Accelerometer,0.0
1646411342,D,Light,188.0
1646411342,D,MIC,3.0
1646411342,D,RSSI,69.0
1646411344,E,Temperature,22.19499969482422
1646411344,E,Humidity,32.82899856567383
1646411344,E,Pressure,101597.0
1646411344,E,Gas,3210.52587890625
1646411344,E,Accelerometer,0.0
1646411344,E,Light,3714.0
1646411344,E,MIC,3.0
1646411344,E,RSSI,75.0
1646411344,F,Temperature,21.815000534057614
1646411344,F,Humidity,33.21200180053711
1646411344,F,Pressure,101638.0
1646411344,F,Gas,905.9459838867188
1646411344,F,Accelerometer,0.0
1646411344,F,Light,106.0
1646411344,F,MIC,3.0
1646411344,F,RSSI,73.0
1646411344,C,Temperature,22.80500030517578
1646411344,C,Humidity,33.48400115966797
1646411344,C,Pressure,101609.0
1646411344,C,Gas,1303.0050048828125
1646411344,C,Accelerometer,0.0
1646411344,C,Light,1175.0
1646411344,C,MIC,3.0
1646411344,C,RSSI,85.0
1646411346,G,Temperature,23.03499984741211
1646411346,G,Humidity,33.187000274658196
1646411346,G,Pressure,101620.0
1646411346,G,Gas,1826.217041015625
1646411346,G,Accelerometer,0.0
1646411346,G,Light,1460.0
1646411346,G,MIC,3.0
1646411346,G,RSSI,76.0
1646411349,A,Temperature,22.78499984741211
1646411349,A,Humidity,33.285999298095696
1646411349,A,Pressure,101593.0
1646411349,A,Gas,1359.239990234375
1646411349,A,Accelerometer,0.0
1646411349,A,Light,2157.0
1646411349,A,MIC,3.0
1646411349,A,RSSI,78.0
1646411349,B,Temperature,22.95499992370605
1646411349,B,Humidity,32.185001373291016
1646411349,B,Pressure,101552.0
1646411349,B,Gas,4991.35009765625
1646411349,B,Accelerometer,0.0
1646411349,B,Light,638.0
1646411349,B,MIC,3.0
1646411349,B,RSSI,92.0
1646411351,H,Temperature,23.915000915527344
1646411351,H,Humidity,28.5939998626709
1646411351,H,Pressure,101606.0
1646411351,H,Gas,4723.33984375
1646411351,H,Accelerometer,0.0
1646411351,H,Light,3582.0
1646411351,H,MIC,2.0
1646411351,H,RSSI,92.0
1646411352,D,Temperature,22.045000076293945
1646411352,D,Humidity,33.40900039672852
1646411352,D,Pressure,101621.0
1646411352,D,Gas,2937.095947265625
1646411352,D,Accelerometer,0.0
1646411352,D,Light,190.0
1646411352,D,MIC,3.0
1646411352,D,RSSI,54.0
1646411354,E,Temperature,22.184999465942386
1646411354,E,Humidity,32.84600067138672
1646411354,E,Pressure,101595.0
1646411354,E,Gas,3215.202880859375
1646411354,E,Accelerometer,0.0
1646411354,E,Light,3718.0
1646411354,E,MIC,3.0
1646411354,E,RSSI,75.0
1646411354,F,Temperature,21.815000534057614
1646411354,F,Humidity,33.20199966430664
1646411354,F,Pressure,101638.0
1646411354,F,Gas,917.343994140625
1646411354,F,Accelerometer,0.0
1646411354,F,Light,107.0
1646411354,F,MIC,3.0
1646411354,F,RSSI,73.0
1646411354,C,Temperature,22.795000076293945
1646411354,C,Humidity,33.498001098632805
1646411354,C,Pressure,101611.0
1646411354,C,Gas,1291.2750244140625
1646411354,C,Accelerometer,0.0
1646411354,C,Light,1176.0
1646411354,C,MIC,3.0
1646411354,C,RSSI,85.0
1646411357,G,Temperature,23.03499984741211
1646411357,G,Humidity,33.17599868774414
1646411357,G,Pressure,101620.0
1646411357,G,Gas,1835.720947265625
1646411357,G,Accelerometer,0.0
1646411357,G,Light,1460.0
1646411357,G,MIC,3.0
1646411357,G,RSSI,76.0
1646411359,B,Temperature,22.94499969482422
1646411359,B,Humidity,32.205001831054695
1646411359,B,Pressure,101550.0
1646411359,B,Gas,4996.55908203125
1646411359,B,Accelerometer,0.0
1646411359,B,Light,636.0
1646411359,B,MIC,3.0
1646411359,B,RSSI,92.0
1646411359,A,Temperature,22.795000076293945
1646411359,A,Humidity,33.32400131225586
1646411359,A,Pressure,101593.0
1646411359,A,Gas,1348.3289794921875
1646411359,A,Accelerometer,0.0
1646411359,A,Light,2171.0
1646411359,A,MIC,3.0
1646411359,A,RSSI,78.0
1646411361,H,Temperature,23.915000915527344
1646411361,H,Humidity,28.625999450683594
1646411361,H,Pressure,101606.0
1646411361,H,Gas,4717.88720703125
1646411361,H,Accelerometer,0.0
1646411361,H,Light,3585.0
1646411361,H,MIC,2.0
1646411361,H,RSSI,92.0
1646411362,D,Temperature,22.03499984741211
1646411362,D,Humidity,33.404998779296875
1646411362,D,Pressure,101617.0
1646411362,D,Gas,2935.27490234375
1646411362,D,Accelerometer,0.0
1646411362,D,Light,191.0
1646411362,D,MIC,3.0
1646411362,D,RSSI,54.0
1646411364,E,Temperature,22.184999465942386
1646411364,E,Humidity,32.86999893188477
1646411364,E,Pressure,101595.0
1646411364,E,Gas,3228.138916015625
1646411364,E,Accelerometer,0.0
1646411364,E,Light,3715.0
1646411364,E,MIC,3.0
1646411364,E,RSSI,76.0
1646411365,F,Temperature,21.815000534057614
1646411365,F,Humidity,33.20399856567383
1646411365,F,Pressure,101638.0
1646411365,F,Gas,920.8480224609376
1646411365,F,Accelerometer,0.0
1646411365,F,Light,107.0
1646411365,F,MIC,3.0
1646411365,F,RSSI,73.0
1646411366,C,Temperature,22.795000076293945
1646411366,C,Humidity,33.476001739501946
1646411366,C,Pressure,101611.0
1646411366,C,Gas,1285.5789794921875
1646411366,C,Accelerometer,0.0
1646411366,C,Light,1173.0
1646411366,C,MIC,3.0
1646411366,C,RSSI,85.0
1646411367,G,Temperature,23.03499984741211
1646411367,G,Humidity,33.213001251220696
1646411367,G,Pressure,101620.0
1646411367,G,Gas,1838.5550537109373
1646411367,G,Accelerometer,0.0
1646411367,G,Light,1461.0
1646411367,G,MIC,3.0
1646411367,G,RSSI,76.0
1646411369,A,Temperature,22.795000076293945
1646411369,A,Humidity,33.299999237060554
1646411369,A,Pressure,101593.0
1646411369,A,Gas,1352.614013671875
1646411369,A,Accelerometer,0.0
1646411369,A,Light,2168.0
1646411369,A,MIC,3.0
1646411369,A,RSSI,78.0
1646411369,B,Temperature,22.95499992370605
1646411369,B,Humidity,32.18899917602539
1646411369,B,Pressure,101550.0
1646411369,B,Gas,4991.7490234375
1646411369,B,Accelerometer,0.0
1646411369,B,Light,636.0
1646411369,B,MIC,3.0
1646411369,B,RSSI,92.0
1646411372,H,Temperature,23.90500068664551
1646411372,H,Humidity,28.64699935913086
1646411372,H,Pressure,101604.0
1646411372,H,Gas,4732.7109375
1646411372,H,Accelerometer,0.0
1646411372,H,Light,3584.0
1646411372,H,MIC,3.0
1646411372,H,RSSI,92.0
1646411372,D,Temperature,22.024999618530273
1646411372,D,Humidity,33.437999725341804
1646411372,D,Pressure,101617.0
1646411372,D,Gas,2922.10595703125
1646411372,D,Accelerometer,0.0
1646411372,D,Light,192.0
1646411372,D,MIC,3.0
1646411372,D,RSSI,54.0
1646411374,E,Temperature,22.20499992370605
1646411374,E,Humidity,32.832000732421875
1646411374,E,Pressure,101599.0
1646411374,E,Gas,3235.280029296875
1646411374,E,Accelerometer,0.0
1646411374,E,Light,3723.0
1646411374,E,MIC,3.0
1646411374,E,RSSI,76.0
1646411374,F,Temperature,21.815000534057614
1646411374,F,Humidity,33.195999145507805
1646411374,F,Pressure,101638.0
1646411374,F,Gas,924.4019775390624
1646411374,F,Accelerometer,0.0
1646411374,F,Light,107.0
1646411374,F,MIC,3.0
1646411374,F,RSSI,73.0
1646411375,C,Temperature,22.795000076293945
1646411375,C,Humidity,33.476001739501946
1646411375,C,Pressure,101611.0
1646411375,C,Gas,1271.3199462890625
1646411375,C,Accelerometer,0.0
1646411375,C,Light,1184.0
1646411375,C,MIC,3.0
1646411375,C,RSSI,85.0
1646411377,G,Temperature,23.03499984741211
1646411377,G,Humidity,33.22900009155273
1646411377,G,Pressure,101620.0
1646411377,G,Gas,1843.6650390625
1646411377,G,Accelerometer,0.0
1646411377,G,Light,1459.0
1646411377,G,MIC,3.0
1646411377,G,RSSI,76.0
1646411379,A,Temperature,22.78499984741211
1646411379,A,Humidity,33.34199905395508
1646411379,A,Pressure,101595.0
1646411379,A,Gas,1354.623046875
1646411379,A,Accelerometer,0.0
1646411379,A,Light,2170.0
1646411379,A,MIC,3.0
1646411379,A,RSSI,78.0
1646411379,B,Temperature,22.94499969482422
1646411379,B,Humidity,32.205001831054695
1646411379,B,Pressure,101550.0
1646411379,B,Gas,4996.3427734375
1646411379,B,Accelerometer,0.0
1646411379,B,Light,639.0
1646411379,B,MIC,3.0
1646411379,B,RSSI,87.0
1646411381,H,Temperature,23.895000457763672
1646411381,H,Humidity,28.68099975585937
1646411381,H,Pressure,101606.0
1646411381,H,Gas,4746.22314453125
1646411381,H,Accelerometer,0.0
1646411381,H,Light,3583.0
1646411381,H,MIC,2.0
1646411381,H,RSSI,92.0
1646411382,D,Temperature,22.024999618530273
1646411382,D,Humidity,33.43600082397461
1646411382,D,Pressure,101619.0
1646411382,D,Gas,2928.083984375
1646411382,D,Accelerometer,0.0
1646411382,D,Light,194.0
1646411382,D,MIC,3.0
1646411382,D,RSSI,54.0
1646411384,E,Temperature,22.184999465942386
1646411384,E,Humidity,32.86800003051758
1646411384,E,Pressure,101597.0
1646411384,E,Gas,3248.194091796875
1646411384,E,Accelerometer,0.0
1646411384,E,Light,3727.0
1646411384,E,MIC,3.0
1646411384,E,RSSI,76.0
1646411385,F,Temperature,21.815000534057614
1646411385,F,Humidity,33.20600128173828
1646411385,F,Pressure,101640.0
1646411385,F,Gas,921.739013671875
1646411385,F,Accelerometer,0.0
1646411385,F,Light,107.0
1646411385,F,MIC,3.0
1646411385,F,RSSI,76.0
1646411385,C,Temperature,22.795000076293945
1646411385,C,Humidity,33.487998962402344
1646411385,C,Pressure,101611.0
1646411385,C,Gas,1269.2769775390625
1646411385,C,Accelerometer,0.0
1646411385,C,Light,1184.0
1646411385,C,MIC,3.0
1646411385,C,RSSI,77.0
1646411387,G,Temperature,23.024999618530273
1646411387,G,Humidity,33.237998962402344
1646411387,G,Pressure,101620.0
1646411387,G,Gas,1842.8570556640625
1646411387,G,Accelerometer,0.0
1646411387,G,Light,1455.0
1646411387,G,MIC,3.0
1646411387,G,RSSI,76.0
1646411389,A,Temperature,22.78499984741211
1646411389,A,Humidity,33.35599899291992
1646411389,A,Pressure,101595.0
1646411389,A,Gas,1358.7249755859375
1646411389,A,Accelerometer,0.0
1646411389,A,Light,2174.0
1646411389,A,MIC,3.0
1646411389,A,RSSI,78.0
1646411389,B,Temperature,22.934999465942386
1646411389,B,Humidity,32.213001251220696
1646411389,B,Pressure,101550.0
1646411389,B,Gas,4993.27099609375
1646411389,B,Accelerometer,0.0
1646411389,B,Light,637.0
1646411389,B,MIC,3.0
1646411389,B,RSSI,87.0
1646411391,H,Temperature,23.90500068664551
1646411391,H,Humidity,28.65999984741211
1646411391,H,Pressure,101604.0
1646411391,H,Gas,4746.77099609375
1646411391,H,Accelerometer,0.0
1646411391,H,Light,3580.0
1646411391,H,MIC,2.0
1646411391,H,RSSI,93.0
1646411392,D,Temperature,22.024999618530273
1646411392,D,Humidity,33.441001892089844
1646411392,D,Pressure,101617.0
1646411392,D,Gas,2915.573974609375
1646411392,D,Accelerometer,0.0
1646411392,D,Light,193.0
1646411392,D,MIC,3.0
1646411392,D,RSSI,54.0
1646411394,E,Temperature,22.19499969482422
1646411394,E,Humidity,32.86899948120117
1646411394,E,Pressure,101601.0
1646411394,E,Gas,3252.345947265625
1646411394,E,Accelerometer,0.0
1646411394,E,Light,3717.0
1646411394,E,MIC,3.0
1646411394,E,RSSI,76.0
1646411394,F,Temperature,21.80500030517578
1646411394,F,Humidity,33.23699951171875
1646411394,F,Pressure,101636.0
1646411394,F,Gas,928.093994140625
1646411394,F,Accelerometer,0.0
1646411394,F,Light,107.0
1646411394,F,MIC,3.0
1646411394,F,RSSI,76.0
1646411395,C,Temperature,22.795000076293945
1646411395,C,Humidity,33.47100067138672
1646411395,C,Pressure,101609.0
1646411395,C,Gas,1263.3160400390625
1646411395,C,Accelerometer,0.0
1646411395,C,Light,1185.0
1646411395,C,MIC,3.0
1646411395,C,RSSI,77.0
1646411397,G,Temperature,23.024999618530273
1646411397,G,Humidity,33.22499847412109
1646411397,G,Pressure,101614.0
1646411397,G,Gas,1840.35498046875
1646411397,G,Accelerometer,0.0
1646411397,G,Light,1459.0
1646411397,G,MIC,3.0
1646411397,G,RSSI,70.0
1646411399,A,Temperature,22.795000076293945
1646411399,A,Humidity,33.334999084472656
1646411399,A,Pressure,101593.0
1646411399,A,Gas,1358.260009765625
1646411399,A,Accelerometer,0.0
1646411399,A,Light,2163.0
1646411399,A,MIC,3.0
1646411399,A,RSSI,79.0
1646411399,B,Temperature,22.934999465942386
1646411399,B,Humidity,32.215999603271484
1646411399,B,Pressure,101549.0
1646411399,B,Gas,4991.6767578125
1646411399,B,Accelerometer,0.0
1646411399,B,Light,643.0
1646411399,B,MIC,3.0
1646411399,B,RSSI,87.0
1646411401,H,Temperature,23.92499923706055
1646411401,H,Humidity,28.61000061035156
1646411401,H,Pressure,101606.0
1646411401,H,Gas,4752.173828125
1646411401,H,Accelerometer,0.0
1646411401,H,Light,3586.0
1646411401,H,MIC,2.0
1646411401,H,RSSI,93.0
1646411403,D,Temperature,22.01499938964844
1646411403,D,Humidity,33.46799850463867
1646411403,D,Pressure,101619.0
1646411403,D,Gas,2927.12109375
1646411403,D,Accelerometer,0.0
1646411403,D,Light,196.0
1646411403,D,MIC,3.0
1646411403,D,RSSI,57.0
1646411404,E,Temperature,22.19499969482422
1646411404,E,Humidity,32.85400009155273
1646411404,E,Pressure,101597.0
1646411404,E,Gas,3267.507080078125
1646411404,E,Accelerometer,0.0
1646411404,E,Light,3724.0
1646411404,E,MIC,3.0
1646411404,E,RSSI,76.0
1646411404,F,Temperature,21.815000534057614
1646411404,F,Humidity,33.189998626708984
1646411404,F,Pressure,101638.0
1646411404,F,Gas,916.2919921875
1646411404,F,Accelerometer,0.0
1646411404,F,Light,107.0
1646411404,F,MIC,3.0
1646411404,F,RSSI,76.0
1646411405,C,Temperature,22.78499984741211
1646411405,C,Humidity,33.500999450683594
1646411405,C,Pressure,101611.0
1646411405,C,Gas,1261.887939453125
1646411405,C,Accelerometer,0.0
1646411405,C,Light,1190.0
1646411405,C,MIC,3.0
1646411405,C,RSSI,77.0
1646411407,G,Temperature,23.03499984741211
1646411407,G,Humidity,33.191001892089844
1646411407,G,Pressure,101624.0
1646411407,G,Gas,1838.887939453125
1646411407,G,Accelerometer,0.0
1646411407,G,Light,1462.0
1646411407,G,MIC,3.0
1646411407,G,RSSI,70.0
1646411409,B,Temperature,22.94499969482422
1646411409,B,Humidity,32.20199966430664
1646411409,B,Pressure,101552.0
1646411409,B,Gas,4983.72802734375
1646411409,B,Accelerometer,0.0
1646411409,B,Light,641.0
1646411409,B,MIC,3.0
1646411409,B,RSSI,87.0
1646411409,A,Temperature,22.78499984741211
1646411409,A,Humidity,33.33700180053711
1646411409,A,Pressure,101595.0
1646411409,A,Gas,1364.18798828125
1646411409,A,Accelerometer,0.0
1646411409,A,Light,2175.0
1646411409,A,MIC,3.0
1646411409,A,RSSI,79.0
1646411412,H,Temperature,23.934999465942386
1646411412,H,Humidity,28.65699958801269
1646411412,H,Pressure,101604.0
1646411412,H,Gas,4753.3310546875
1646411412,H,Accelerometer,0.0
1646411412,H,Light,3590.0
1646411412,H,MIC,2.0
1646411412,H,RSSI,93.0
1646411413,D,Temperature,22.01499938964844
1646411413,D,Humidity,33.46500015258789
1646411413,D,Pressure,101619.0
1646411413,D,Gas,2926.7890625
1646411413,D,Accelerometer,0.0
1646411413,D,Light,198.0
1646411413,D,MIC,3.0
1646411413,D,RSSI,57.0
1646411414,E,Temperature,22.19499969482422
1646411414,E,Humidity,32.860000610351555
1646411414,E,Pressure,101597.0
1646411414,E,Gas,3265.29296875
1646411414,E,Accelerometer,0.0
1646411414,E,Light,3732.0
1646411414,E,MIC,3.0
1646411414,E,RSSI,78.0
1646411414,F,Temperature,21.80500030517578
1646411414,F,Humidity,33.2239990234375
1646411414,F,Pressure,101640.0
1646411414,F,Gas,919.0159912109376
1646411414,F,Accelerometer,0.0
1646411414,F,Light,107.0
1646411414,F,MIC,3.0
1646411414,F,RSSI,76.0
1646411415,C,Temperature,22.795000076293945
1646411415,C,Humidity,33.52000045776367
1646411415,C,Pressure,101607.0
1646411415,C,Gas,1257.198974609375
1646411415,C,Accelerometer,0.0
1646411415,C,Light,1190.0
1646411415,C,MIC,3.0
1646411415,C,RSSI,77.0
1646411417,G,Temperature,23.01499938964844
1646411417,G,Humidity,33.200000762939446
1646411417,G,Pressure,101618.0
1646411417,G,Gas,1820.072998046875
1646411417,G,Accelerometer,0.0
1646411417,G,Light,1461.0
1646411417,G,MIC,3.0
1646411417,G,RSSI,70.0
1646411419,A,Temperature,22.78499984741211
1646411419,A,Humidity,33.29800033569336
1646411419,A,Pressure,101595.0
1646411419,A,Gas,1371.8990478515625
1646411419,A,Accelerometer,0.0
1646411419,A,Light,2179.0
1646411419,A,MIC,3.0
1646411419,A,RSSI,79.0
1646411422,H,Temperature,23.934999465942386
1646411422,H,Humidity,28.65500068664551
1646411422,H,Pressure,101604.0
1646411422,H,Gas,4771.47607421875
1646411422,H,Accelerometer,0.0
1646411422,H,Light,3587.0
1646411422,H,MIC,2.0
1646411422,H,RSSI,93.0
1646411422,B,Temperature,22.95499992370605
1646411422,B,Humidity,32.178001403808594
1646411422,B,Pressure,101549.0
1646411422,B,Gas,4975.7509765625
1646411422,B,Accelerometer,0.0
1646411422,B,Light,642.0
1646411422,B,MIC,3.0
1646411422,B,RSSI,87.0
1646411423,D,Temperature,22.0049991607666
1646411423,D,Humidity,33.47999954223633
1646411423,D,Pressure,101615.0
1646411423,D,Gas,2914.81591796875
1646411423,D,Accelerometer,0.0
1646411423,D,Light,199.0
1646411423,D,MIC,3.0
1646411423,D,RSSI,57.0
1646411424,E,Temperature,22.174999237060547
1646411424,E,Humidity,32.884998321533196
1646411424,E,Pressure,101597.0
1646411424,E,Gas,3261.4130859375
1646411424,E,Accelerometer,0.0
1646411424,E,Light,3727.0
1646411424,E,MIC,3.0
1646411424,E,RSSI,78.0
1646411424,F,Temperature,21.80500030517578
1646411424,F,Humidity,33.23099899291992
1646411424,F,Pressure,101638.0
1646411424,F,Gas,918.4949951171876
1646411424,F,Accelerometer,0.0
1646411424,F,Light,107.0
1646411424,F,MIC,3.0
1646411424,F,RSSI,76.0
1646411425,C,Temperature,22.815000534057607
1646411425,C,Humidity,33.49499893188477
1646411425,C,Pressure,101609.0
1646411425,C,Gas,1268.4580078125
1646411425,C,Accelerometer,0.0
1646411425,C,Light,1192.0
1646411425,C,MIC,3.0
1646411425,C,RSSI,77.0
1646411427,G,Temperature,23.01499938964844
1646411427,G,Humidity,33.15999984741211
1646411427,G,Pressure,101620.0
1646411427,G,Gas,1812.8819580078125
1646411427,G,Accelerometer,0.0
1646411427,G,Light,1465.0
1646411427,G,MIC,3.0
1646411427,G,RSSI,70.0
1646411429,A,Temperature,22.78499984741211
1646411429,A,Humidity,33.279998779296875
1646411429,A,Pressure,101593.0
1646411429,A,Gas,1374.6009521484375
1646411429,A,Accelerometer,0.0
1646411429,A,Light,2172.0
1646411429,A,MIC,3.0
1646411429,A,RSSI,79.0
1646411431,B,Temperature,22.96500015258789
1646411431,B,Humidity,32.166000366210945
1646411431,B,Pressure,101552.0
1646411431,B,Gas,4975.93408203125
1646411431,B,Accelerometer,0.0
1646411431,B,Light,644.0
1646411431,B,MIC,3.0
1646411431,B,RSSI,86.0
1646411432,H,Temperature,23.934999465942386
1646411432,H,Humidity,28.59499931335449
1646411432,H,Pressure,101604.0
1646411432,H,Gas,4744.384765625
1646411432,H,Accelerometer,0.0
1646411432,H,Light,3578.0
1646411432,H,MIC,2.0
1646411432,H,RSSI,93.0
1646411433,D,Temperature,22.0049991607666
1646411433,D,Humidity,33.490001678466804
1646411433,D,Pressure,101621.0
1646411433,D,Gas,2925.632080078125
1646411433,D,Accelerometer,0.0
1646411433,D,Light,201.0
1646411433,D,MIC,3.0
1646411433,D,RSSI,57.0
1646411434,E,Temperature,22.184999465942386
1646411434,E,Humidity,32.867000579833984
1646411434,E,Pressure,101595.0
1646411434,E,Gas,3258.251953125
1646411434,E,Accelerometer,0.0
1646411434,E,Light,3730.0
1646411434,E,MIC,3.0
1646411434,E,RSSI,78.0
1646411434,F,Temperature,21.815000534057614
1646411434,F,Humidity,33.220001220703125
1646411434,F,Pressure,101638.0
1646411434,F,Gas,930.9719848632812
1646411434,F,Accelerometer,0.0
1646411434,F,Light,106.0
1646411434,F,MIC,3.0
1646411434,F,RSSI,78.0
1646411435,C,Temperature,22.82500076293945
1646411435,C,Humidity,33.48099899291992
1646411435,C,Pressure,101609.0
1646411435,C,Gas,1262.656982421875
1646411435,C,Accelerometer,0.0
1646411435,C,Light,1194.0
1646411435,C,MIC,3.0
1646411435,C,RSSI,75.0
1646411437,G,Temperature,23.01499938964844
1646411437,G,Humidity,33.152999877929695
1646411437,G,Pressure,101618.0
1646411437,G,Gas,1806.738037109375
1646411437,G,Accelerometer,0.0
1646411437,G,Light,1462.0
1646411437,G,MIC,3.0
1646411437,G,RSSI,70.0
1646411439,A,Temperature,22.795000076293945
1646411439,A,Humidity,33.257999420166016
1646411439,A,Pressure,101593.0
1646411439,A,Gas,1389.2249755859375
1646411439,A,Accelerometer,0.0
1646411439,A,Light,2172.0
1646411439,A,MIC,3.0
1646411439,A,RSSI,79.0
1646411439,B,Temperature,22.95499992370605
1646411439,B,Humidity,32.17300033569336
1646411439,B,Pressure,101549.0
1646411439,B,Gas,4973.9248046875
1646411439,B,Accelerometer,0.0
1646411439,B,Light,641.0
1646411439,B,MIC,3.0
1646411439,B,RSSI,86.0
1646411441,H,Temperature,23.92499923706055
1646411441,H,Humidity,28.572999954223643
1646411441,H,Pressure,101604.0
1646411441,H,Gas,4731.787109375
1646411441,H,Accelerometer,0.0
1646411441,H,Light,3581.0
1646411441,H,MIC,2.0
1646411441,H,RSSI,94.0
1646411443,D,Temperature,21.9950008392334
1646411443,D,Humidity,33.50699996948242
1646411443,D,Pressure,101617.0
1646411443,D,Gas,2902.958984375
1646411443,D,Accelerometer,0.0
1646411443,D,Light,203.0
1646411443,D,MIC,3.0
1646411443,D,RSSI,57.0
1646411444,E,Temperature,22.174999237060547
1646411444,E,Humidity,32.86600112915039
1646411444,E,Pressure,101597.0
1646411444,E,Gas,3253.574951171875
1646411444,E,Accelerometer,0.0
1646411444,E,Light,3724.0
1646411444,E,MIC,3.0
1646411444,E,RSSI,78.0
1646411445,F,Temperature,21.815000534057614
1646411445,F,Humidity,33.21699905395508
1646411445,F,Pressure,101638.0
1646411445,F,Gas,919.6519775390624
1646411445,F,Accelerometer,0.0
1646411445,F,Light,107.0
1646411445,F,MIC,3.0
1646411445,F,RSSI,78.0
1646411445,C,Temperature,22.82500076293945
1646411445,C,Humidity,33.463001251220696
1646411445,C,Pressure,101609.0
1646411445,C,Gas,1258.5770263671875
1646411445,C,Accelerometer,0.0
1646411445,C,Light,1191.0
1646411445,C,MIC,3.0
1646411445,C,RSSI,75.0
1646411447,G,Temperature,23.0049991607666
1646411447,G,Humidity,33.125999450683594
1646411447,G,Pressure,101620.0
1646411447,G,Gas,1776.303955078125
1646411447,G,Accelerometer,0.0
1646411447,G,Light,1457.0
1646411447,G,MIC,3.0
1646411447,G,RSSI,75.0
1646411449,A,Temperature,22.795000076293945
1646411449,A,Humidity,33.25600051879883
1646411449,A,Pressure,101593.0
1646411449,A,Gas,1383.1419677734375
1646411449,A,Accelerometer,0.0
1646411449,A,Light,2170.0
1646411449,A,MIC,3.0
1646411449,A,RSSI,79.0
1646411449,B,Temperature,22.95499992370605
1646411449,B,Humidity,32.16400146484375
1646411449,B,Pressure,101549.0
1646411449,B,Gas,4972.037109375
1646411449,B,Accelerometer,0.0
1646411449,B,Light,641.0
1646411449,B,MIC,3.0
1646411449,B,RSSI,86.0
1646411451,H,Temperature,23.915000915527344
1646411451,H,Humidity,28.51099967956543
1646411451,H,Pressure,101606.0
1646411451,H,Gas,4686.8662109375
1646411451,H,Accelerometer,0.0
1646411451,H,Light,3581.0
1646411451,H,MIC,2.0
1646411451,H,RSSI,94.0
1646411453,D,Temperature,22.0049991607666
1646411453,D,Humidity,33.48300170898437
1646411453,D,Pressure,101617.0
1646411453,D,Gas,2897.721923828125
1646411453,D,Accelerometer,0.0
1646411453,D,Light,203.0
1646411453,D,MIC,3.0
1646411453,D,RSSI,53.0
1646411455,E,Temperature,22.174999237060547
1646411455,E,Humidity,32.89500045776367
1646411455,E,Pressure,101597.0
1646411455,E,Gas,3234.488037109375
1646411455,E,Accelerometer,0.0
1646411455,E,Light,3724.0
1646411455,E,MIC,3.0
1646411455,E,RSSI,78.0
1646411455,F,Temperature,21.815000534057614
1646411455,F,Humidity,33.21500015258789
1646411455,F,Pressure,101642.0
1646411455,F,Gas,921.822021484375
1646411455,F,Accelerometer,0.0
1646411455,F,Light,106.0
1646411455,F,MIC,3.0
1646411455,F,RSSI,78.0
1646411455,C,Temperature,22.834999084472656
1646411455,C,Humidity,33.437000274658196
1646411455,C,Pressure,101611.0
1646411455,C,Gas,1257.0389404296875
1646411455,C,Accelerometer,0.0
1646411455,C,Light,1195.0
1646411455,C,MIC,3.0
1646411455,C,RSSI,75.0
1646411457,G,Temperature,22.9950008392334
1646411457,G,Humidity,33.130001068115234
1646411457,G,Pressure,101618.0
1646411457,G,Gas,1764.70703125
1646411457,G,Accelerometer,0.0
1646411457,G,Light,1460.0
1646411457,G,MIC,3.0
1646411457,G,RSSI,75.0
1646411459,A,Temperature,22.795000076293945
1646411459,A,Humidity,33.275001525878906
1646411459,A,Pressure,101591.0
1646411459,A,Gas,1382.5389404296875
1646411459,A,Accelerometer,0.0
1646411459,A,Light,2165.0
1646411459,A,MIC,3.0
1646411459,A,RSSI,79.0
1646411460,B,Temperature,22.95499992370605
1646411460,B,Humidity,32.169998168945305
1646411460,B,Pressure,101552.0
1646411460,B,Gas,4977.3291015625
1646411460,B,Accelerometer,0.0
1646411460,B,Light,640.0
1646411460,B,MIC,3.0
1646411460,B,RSSI,86.0
1646411461,H,Temperature,23.90500068664551
1646411461,H,Humidity,28.51499938964844
1646411461,H,Pressure,101606.0
1646411461,H,Gas,4650.908203125
1646411461,H,Accelerometer,0.0
1646411461,H,Light,3583.0
1646411461,H,MIC,2.0
1646411461,H,RSSI,94.0
1646411463,D,Temperature,22.01499938964844
1646411463,D,Humidity,33.45600128173828
1646411463,D,Pressure,101619.0
1646411463,D,Gas,2889.1640625
1646411463,D,Accelerometer,0.0
1646411463,D,Light,204.0
1646411463,D,MIC,3.0
1646411463,D,RSSI,53.0
1646411465,E,Temperature,22.174999237060547
1646411465,E,Humidity,32.876998901367195
1646411465,E,Pressure,101597.0
1646411465,E,Gas,3232.47900390625
1646411465,E,Accelerometer,0.0
1646411465,E,Light,3728.0
1646411465,E,MIC,3.0
1646411465,E,RSSI,61.0
1646411465,F,Temperature,21.815000534057614
1646411465,F,Humidity,33.201000213623054
1646411465,F,Pressure,101636.0
1646411465,F,Gas,927.7890014648438
1646411465,F,Accelerometer,0.0
1646411465,F,Light,106.0
1646411465,F,MIC,3.0
1646411465,F,RSSI,78.0
1646411465,C,Temperature,22.82500076293945
1646411465,C,Humidity,33.41400146484375
1646411465,C,Pressure,101609.0
1646411465,C,Gas,1260.133056640625
1646411465,C,Accelerometer,0.0
1646411465,C,Light,1194.0
1646411465,C,MIC,3.0
1646411465,C,RSSI,75.0
1646411467,G,Temperature,23.0049991607666
1646411467,G,Humidity,33.12799835205078
1646411467,G,Pressure,101620.0
1646411467,G,Gas,1754.0009765625
1646411467,G,Accelerometer,0.0
1646411467,G,Light,1462.0
1646411467,G,MIC,3.0
1646411467,G,RSSI,75.0
1646411469,B,Temperature,22.95499992370605
1646411469,B,Humidity,32.174999237060554
1646411469,B,Pressure,101549.0
1646411469,B,Gas,4963.7060546875
1646411469,B,Accelerometer,0.0
1646411469,B,Light,639.0
1646411469,B,MIC,3.0
1646411469,B,RSSI,86.0
1646411470,A,Temperature,22.80500030517578
1646411470,A,Humidity,33.26300048828125
1646411470,A,Pressure,101595.0
1646411470,A,Gas,1382.3609619140625
1646411470,A,Accelerometer,0.0
1646411470,A,Light,2177.0
1646411470,A,MIC,3.0
1646411470,A,RSSI,79.0
1646411471,H,Temperature,23.915000915527344
1646411471,H,Humidity,28.524999618530273
1646411471,H,Pressure,101604.0
1646411471,H,Gas,4642.62109375
1646411471,H,Accelerometer,0.0
1646411471,H,Light,3582.0
1646411471,H,MIC,2.0
1646411471,H,RSSI,94.0
1646411473,D,Temperature,22.0049991607666
1646411473,D,Humidity,33.49100112915039
1646411473,D,Pressure,101617.0
1646411473,D,Gas,2897.822021484375
1646411473,D,Accelerometer,0.0
1646411473,D,Light,205.0
1646411473,D,MIC,3.0
1646411473,D,RSSI,53.0
1646411474,E,Temperature,22.174999237060547
1646411474,E,Humidity,32.88399887084961
1646411474,E,Pressure,101597.0
1646411474,E,Gas,3231.47705078125
1646411474,E,Accelerometer,0.0
1646411474,E,Light,3733.0
1646411474,E,MIC,3.0
1646411474,E,RSSI,61.0
1646411475,F,Temperature,21.815000534057614
1646411475,F,Humidity,33.222000122070305
1646411475,F,Pressure,101640.0
1646411475,F,Gas,941.4010009765624
1646411475,F,Accelerometer,0.0
1646411475,F,Light,107.0
1646411475,F,MIC,3.0
1646411475,F,RSSI,78.0
1646411475,C,Temperature,22.82500076293945
1646411475,C,Humidity,33.398998260498054
1646411475,C,Pressure,101609.0
1646411475,C,Gas,1261.7550048828125
1646411475,C,Accelerometer,0.0
1646411475,C,Light,1203.0
1646411475,C,MIC,3.0
1646411475,C,RSSI,75.0
1646411477,G,Temperature,23.01499938964844
1646411477,G,Humidity,33.178001403808594
1646411477,G,Pressure,101620.0
1646411477,G,Gas,1741.97802734375
1646411477,G,Accelerometer,0.0
1646411477,G,Light,1466.0
1646411477,G,MIC,3.0
1646411477,G,RSSI,75.0
1646411480,B,Temperature,22.95499992370605
1646411480,B,Humidity,32.18399810791016
1646411480,B,Pressure,101552.0
1646411480,B,Gas,4961.3759765625
1646411480,B,Accelerometer,0.0
1646411480,B,Light,641.0
1646411480,B,MIC,3.0
1646411480,B,RSSI,92.0
1646411480,A,Temperature,22.795000076293945
1646411480,A,Humidity,33.262001037597656
1646411480,A,Pressure,101593.0
1646411480,A,Gas,1385.6829833984375
1646411480,A,Accelerometer,0.0
1646411480,A,Light,2167.0
1646411480,A,MIC,3.0
1646411480,A,RSSI,79.0
1646411481,H,Temperature,23.90500068664551
1646411481,H,Humidity,28.548999786376953
1646411481,H,Pressure,101604.0
1646411481,H,Gas,4655.884765625
1646411481,H,Accelerometer,0.0
1646411481,H,Light,3584.0
1646411481,H,MIC,3.0
1646411481,H,RSSI,94.0
1646411483,D,Temperature,22.0049991607666
1646411483,D,Humidity,33.49900054931641
1646411483,D,Pressure,101621.0
1646411483,D,Gas,2895.47998046875
1646411483,D,Accelerometer,0.0
1646411483,D,Light,204.0
1646411483,D,MIC,3.0
1646411483,D,RSSI,53.0
1646411484,E,Temperature,22.174999237060547
1646411484,E,Humidity,32.895999908447266
1646411484,E,Pressure,101597.0
1646411484,E,Gas,3229.589111328125
1646411484,E,Accelerometer,0.0
1646411484,E,Light,3724.0
1646411484,E,MIC,3.0
1646411484,E,RSSI,61.0
1646411485,F,Temperature,21.815000534057614
1646411485,F,Humidity,33.208999633789055
1646411485,F,Pressure,101642.0
1646411485,F,Gas,938.2730102539062
1646411485,F,Accelerometer,0.0
1646411485,F,Light,107.0
1646411485,F,MIC,3.0
1646411485,F,RSSI,78.0
1646411486,C,Temperature,22.82500076293945
1646411486,C,Humidity,33.404998779296875
1646411486,C,Pressure,101609.0
1646411486,C,Gas,1257.509033203125
1646411486,C,Accelerometer,0.0
1646411486,C,Light,1197.0
1646411486,C,MIC,3.0
1646411486,C,RSSI,76.0
1646411487,G,Temperature,23.01499938964844
1646411487,G,Humidity,33.182998657226555
1646411487,G,Pressure,101620.0
1646411487,G,Gas,1753.5250244140625
1646411487,G,Accelerometer,0.0
1646411487,G,Light,1470.0
1646411487,G,MIC,3.0
1646411487,G,RSSI,75.0
1646411490,A,Temperature,22.795000076293945
1646411490,A,Humidity,33.255001068115234
1646411490,A,Pressure,101593.0
1646411490,A,Gas,1386.2860107421875
1646411490,A,Accelerometer,0.0
1646411490,A,Light,2177.0
1646411490,A,MIC,3.0
1646411490,A,RSSI,79.0
1646411491,B,Temperature,22.96500015258789
1646411491,B,Humidity,32.187000274658196
1646411491,B,Pressure,101552.0
1646411491,B,Gas,4954.876953125
1646411491,B,Accelerometer,0.0
1646411491,B,Light,638.0
1646411491,B,MIC,3.0
1646411491,B,RSSI,92.0
1646411491,H,Temperature,23.915000915527344
1646411491,H,Humidity,28.54199981689453
1646411491,H,Pressure,101604.0
1646411491,H,Gas,4650.703125
1646411491,H,Accelerometer,0.0
1646411491,H,Light,3587.0
1646411491,H,MIC,3.0
1646411491,H,RSSI,94.0
1646411493,D,Temperature,22.01499938964844
1646411493,D,Humidity,33.492000579833984
1646411493,D,Pressure,101619.0
1646411493,D,Gas,2876.123046875
1646411493,D,Accelerometer,0.0
1646411493,D,Light,204.0
1646411493,D,MIC,3.0
1646411493,D,RSSI,53.0
1646411494,E,Temperature,22.165000915527344
1646411494,E,Humidity,32.898998260498054
1646411494,E,Pressure,101595.0
1646411494,E,Gas,3218.425048828125
1646411494,E,Accelerometer,0.0
1646411494,E,Light,3733.0
1646411494,E,MIC,3.0
1646411494,E,RSSI,61.0
1646411495,F,Temperature,21.815000534057614
1646411495,F,Humidity,33.213001251220696
1646411495,F,Pressure,101638.0
1646411495,F,Gas,937.8690185546876
1646411495,F,Accelerometer,0.0
1646411495,F,Light,107.0
1646411495,F,MIC,3.0
1646411495,F,RSSI,78.0
1646411495,C,Temperature,22.834999084472656
1646411495,C,Humidity,33.39699935913086
1646411495,C,Pressure,101613.0
1646411495,C,Gas,1250.866943359375
1646411495,C,Accelerometer,0.0
1646411495,C,Light,1196.0
1646411495,C,MIC,3.0
1646411495,C,RSSI,76.0
1646411497,G,Temperature,23.024999618530273
1646411497,G,Humidity,33.174999237060554
1646411497,G,Pressure,101616.0
1646411497,G,Gas,1763.1739501953125
1646411497,G,Accelerometer,0.0
1646411497,G,Light,1467.0
1646411497,G,MIC,3.0
1646411497,G,RSSI,75.0
1646411499,A,Temperature,22.795000076293945
1646411499,A,Humidity,33.273998260498054
1646411499,A,Pressure,101593.0
1646411499,A,Gas,1393.1939697265625
1646411499,A,Accelerometer,0.0
1646411499,A,Light,2168.0
1646411499,A,MIC,3.0
1646411499,A,RSSI,81.0
1646411499,B,Temperature,22.95499992370605
1646411499,B,Humidity,32.174999237060554
1646411499,B,Pressure,101550.0
1646411499,B,Gas,4947.65283203125
1646411499,B,Accelerometer,0.0
1646411499,B,Light,642.0
1646411499,B,MIC,3.0
1646411499,B,RSSI,92.0
1646411503,D,Temperature,21.9950008392334
1646411503,D,Humidity,33.5260009765625
1646411503,D,Pressure,101619.0
1646411503,D,Gas,2882.300048828125
1646411503,D,Accelerometer,0.0
1646411503,D,Light,204.0
1646411503,D,MIC,3.0
1646411503,D,RSSI,70.0
1646411504,E,Temperature,22.165000915527344
1646411504,E,Humidity,32.90800094604492
1646411504,E,Pressure,101595.0
1646411504,E,Gas,3214.3779296875
1646411504,E,Accelerometer,0.0
1646411504,E,Light,3726.0
1646411504,E,MIC,3.0
1646411504,E,RSSI,61.0
1646411505,F,Temperature,21.825000762939453
1646411505,F,Humidity,33.20199966430664
1646411505,F,Pressure,101640.0
1646411505,F,Gas,924.1859741210938
1646411505,F,Accelerometer,0.0
1646411505,F,Light,107.0
1646411505,F,MIC,3.0
1646411505,F,RSSI,78.0
1646411505,C,Temperature,22.84499931335449
1646411505,C,Humidity,33.36899948120117
1646411505,C,Pressure,101611.0
1646411505,C,Gas,1260.177001953125
1646411505,C,Accelerometer,0.0
1646411505,C,Light,1199.0
1646411505,C,MIC,3.0
1646411505,C,RSSI,76.0
1646411505,H,Temperature,23.90500068664551
1646411505,H,Humidity,28.60000038146973
1646411505,H,Pressure,101604.0
1646411505,H,Gas,4643.6181640625
1646411505,H,Accelerometer,0.0
1646411505,H,Light,3588.0
1646411505,H,MIC,3.0
1646411505,H,RSSI,94.0
1646411507,G,Temperature,23.024999618530273
1646411507,G,Humidity,33.200000762939446
1646411507,G,Pressure,101622.0
1646411507,G,Gas,1771.708984375
1646411507,G,Accelerometer,0.0
1646411507,G,Light,1458.0
1646411507,G,MIC,3.0
1646411507,G,RSSI,75.0
1646411509,A,Temperature,22.795000076293945
1646411509,A,Humidity,33.248001098632805
1646411509,A,Pressure,101593.0
1646411509,A,Gas,1393.7640380859375
1646411509,A,Accelerometer,0.0
1646411509,A,Light,2162.0
1646411509,A,MIC,3.0
1646411509,A,RSSI,81.0
1646411509,B,Temperature,22.94499969482422
1646411509,B,Humidity,32.21200180053711
1646411509,B,Pressure,101549.0
1646411509,B,Gas,4941.68603515625
1646411509,B,Accelerometer,0.0
1646411509,B,Light,641.0
1646411509,B,MIC,3.0
1646411509,B,RSSI,92.0
1646411511,H,Temperature,23.895000457763672
1646411511,H,Humidity,28.57200050354004
1646411511,H,Pressure,101606.0
1646411511,H,Gas,4649.169921875
1646411511,H,Accelerometer,0.0
1646411511,H,Light,3589.0
1646411511,H,MIC,3.0
1646411511,H,RSSI,94.0
1646411513,D,Temperature,22.0049991607666
1646411513,D,Humidity,33.49700164794922
1646411513,D,Pressure,101617.0
1646411513,D,Gas,2889.993896484375
1646411513,D,Accelerometer,0.0
1646411513,D,Light,205.0
1646411513,D,MIC,3.0
1646411513,D,RSSI,70.0
1646411515,E,Temperature,22.155000686645508
1646411515,E,Humidity,32.937999725341804
1646411515,E,Pressure,101595.0
1646411515,E,Gas,3212.922119140625
1646411515,E,Accelerometer,0.0
1646411515,E,Light,3733.0
1646411515,E,MIC,3.0
1646411515,E,RSSI,57.0
1646411515,F,Temperature,21.815000534057614
1646411515,F,Humidity,33.222000122070305
1646411515,F,Pressure,101638.0
1646411515,F,Gas,918.3900146484376
1646411515,F,Accelerometer,0.0
1646411515,F,Light,107.0
1646411515,F,MIC,3.0
1646411515,F,RSSI,78.0
1646411515,C,Temperature,22.84499931335449
1646411515,C,Humidity,33.363998413085945
1646411515,C,Pressure,101611.0
1646411515,C,Gas,1257.93505859375
1646411515,C,Accelerometer,0.0
1646411515,C,Light,1204.0
1646411515,C,MIC,3.0
1646411515,C,RSSI,76.0
1646411518,G,Temperature,23.03499984741211
1646411518,G,Humidity,33.201000213623054
1646411518,G,Pressure,101618.0
1646411518,G,Gas,1784.0479736328125
1646411518,G,Accelerometer,0.0
1646411518,G,Light,1472.0
1646411518,G,MIC,3.0
1646411518,G,RSSI,75.0
1646411519,A,Temperature,22.795000076293945
1646411519,A,Humidity,33.25400161743164
1646411519,A,Pressure,101593.0
1646411519,A,Gas,1387.7969970703125
1646411519,A,Accelerometer,0.0
1646411519,A,Light,2165.0
1646411519,A,MIC,3.0
1646411519,A,RSSI,81.0
1646411520,B,Temperature,22.95499992370605
1646411520,B,Humidity,32.201000213623054
1646411520,B,Pressure,101550.0
1646411520,B,Gas,4931.134765625
1646411520,B,Accelerometer,0.0
1646411520,B,Light,641.0
1646411520,B,MIC,3.0
1646411520,B,RSSI,92.0
1646411521,H,Temperature,23.90500068664551
1646411521,H,Humidity,28.54800033569336
1646411521,H,Pressure,101606.0
1646411521,H,Gas,4643.89501953125
1646411521,H,Accelerometer,0.0
1646411521,H,Light,3587.0
1646411521,H,MIC,3.0
1646411521,H,RSSI,94.0
1646411523,D,Temperature,22.0049991607666
1646411523,D,Humidity,33.51300048828125
1646411523,D,Pressure,101619.0
1646411523,D,Gas,2904.3369140625
1646411523,D,Accelerometer,0.0
1646411523,D,Light,204.0
1646411523,D,MIC,3.0
1646411523,D,RSSI,70.0
1646411525,E,Temperature,22.165000915527344
1646411525,E,Humidity,32.91699981689453
1646411525,E,Pressure,101595.0
1646411525,E,Gas,3215.2529296875
1646411525,E,Accelerometer,0.0
1646411525,E,Light,3726.0
1646411525,E,MIC,3.0
1646411525,E,RSSI,57.0
1646411525,F,Temperature,21.815000534057614
1646411525,F,Humidity,33.226001739501946
1646411525,F,Pressure,101638.0
1646411525,F,Gas,915.14599609375
1646411525,F,Accelerometer,0.0
1646411525,F,Light,108.0
1646411525,F,MIC,3.0
1646411525,F,RSSI,78.0
1646411525,C,Temperature,22.854999542236328
1646411525,C,Humidity,33.3489990234375
1646411525,C,Pressure,101613.0
1646411525,C,Gas,1252.1839599609375
1646411525,C,Accelerometer,0.0
1646411525,C,Light,1192.0
1646411525,C,MIC,3.0
1646411525,C,RSSI,76.0
1646411527,G,Temperature,23.045000076293945
1646411527,G,Humidity,33.17100143432617
1646411527,G,Pressure,101622.0
1646411527,G,Gas,1790.490966796875
1646411527,G,Accelerometer,0.0
1646411527,G,Light,1465.0
1646411527,G,MIC,3.0
1646411527,G,RSSI,75.0
1646411529,B,Temperature,22.94499969482422
1646411529,B,Humidity,32.208999633789055
1646411529,B,Pressure,101550.0
1646411529,B,Gas,4932.14892578125
1646411529,B,Accelerometer,0.0
1646411529,B,Light,633.0
1646411529,B,MIC,3.0
1646411529,B,RSSI,85.0
1646411529,A,Temperature,22.78499984741211
1646411529,A,Humidity,33.264999389648445
1646411529,A,Pressure,101593.0
1646411529,A,Gas,1397.2130126953125
1646411529,A,Accelerometer,0.0
1646411529,A,Light,2165.0
1646411529,A,MIC,3.0
1646411529,A,RSSI,81.0
1646411531,H,Temperature,23.895000457763672
1646411531,H,Humidity,28.558000564575195
1646411531,H,Pressure,101604.0
1646411531,H,Gas,4647.2822265625
1646411531,H,Accelerometer,0.0
1646411531,H,Light,3582.0
1646411531,H,MIC,3.0
1646411531,H,RSSI,94.0
1646411533,D,Temperature,22.024999618530273
1646411533,D,Humidity,33.476001739501946
1646411533,D,Pressure,101617.0
1646411533,D,Gas,2889.756103515625
1646411533,D,Accelerometer,0.0
1646411533,D,Light,205.0
1646411533,D,MIC,3.0
1646411533,D,RSSI,70.0
1646411535,E,Temperature,22.174999237060547
1646411535,E,Humidity,32.90900039672852
1646411535,E,Pressure,101597.0
1646411535,E,Gas,3220.738037109375
1646411535,E,Accelerometer,0.0
1646411535,E,Light,3729.0
1646411535,E,MIC,3.0
1646411535,E,RSSI,57.0
1646411535,F,Temperature,21.815000534057614
1646411535,F,Humidity,33.23099899291992
1646411535,F,Pressure,101638.0
1646411535,F,Gas,916.718017578125
1646411535,F,Accelerometer,0.0
1646411535,F,Light,108.0
1646411535,F,MIC,3.0
1646411535,F,RSSI,73.0
1646411535,C,Temperature,22.854999542236328
1646411535,C,Humidity,33.347000122070305
1646411535,C,Pressure,101609.0
1646411535,C,Gas,1255.7989501953125
1646411535,C,Accelerometer,0.0
1646411535,C,Light,1197.0
1646411535,C,MIC,3.0
1646411535,C,RSSI,75.0
1646411537,G,Temperature,23.024999618530273
1646411537,G,Humidity,33.23099899291992
1646411537,G,Pressure,101618.0
1646411537,G,Gas,1795.001953125
1646411537,G,Accelerometer,0.0
1646411537,G,Light,1463.0
1646411537,G,MIC,3.0
1646411537,G,RSSI,75.0
1646411539,A,Temperature,22.795000076293945
1646411539,A,Humidity,33.26300048828125
1646411539,A,Pressure,101593.0
1646411539,A,Gas,1393.2049560546875
1646411539,A,Accelerometer,0.0
1646411539,A,Light,2170.0
1646411539,A,MIC,3.0
1646411539,A,RSSI,81.0
1646411540,B,Temperature,22.94499969482422
1646411540,B,Humidity,32.22900009155273
1646411540,B,Pressure,101550.0
1646411540,B,Gas,4928.671875
1646411540,B,Accelerometer,0.0
1646411540,B,Light,640.0
1646411540,B,MIC,3.0
1646411540,B,RSSI,85.0
1646411541,H,Temperature,23.90500068664551
1646411541,H,Humidity,28.513999938964844
1646411541,H,Pressure,101604.0
1646411541,H,Gas,4636.455078125
1646411541,H,Accelerometer,0.0
1646411541,H,Light,3584.0
1646411541,H,MIC,3.0
1646411541,H,RSSI,88.0
1646411543,D,Temperature,22.024999618530273
1646411543,D,Humidity,33.487998962402344
1646411543,D,Pressure,101617.0
1646411543,D,Gas,2881.762939453125
1646411543,D,Accelerometer,0.0
1646411543,D,Light,204.0
1646411543,D,MIC,3.0
1646411543,D,RSSI,70.0
1646411545,F,Temperature,21.80500030517578
1646411545,F,Humidity,33.240001678466804
1646411545,F,Pressure,101640.0
1646411545,F,Gas,910.2969970703124
1646411545,F,Accelerometer,0.0
1646411545,F,Light,109.0
1646411545,F,MIC,3.0
1646411545,F,RSSI,73.0
1646411545,C,Temperature,22.864999771118164
1646411545,C,Humidity,33.31399917602539
1646411545,C,Pressure,101611.0
1646411545,C,Gas,1254.885009765625
1646411545,C,Accelerometer,0.0
1646411545,C,Light,1198.0
1646411545,C,MIC,3.0
1646411545,C,RSSI,75.0
1646411546,E,Temperature,22.174999237060547
1646411546,E,Humidity,32.90900039672852
1646411546,E,Pressure,101597.0
1646411546,E,Gas,3216.277099609375
1646411546,E,Accelerometer,0.0
1646411546,E,Light,3727.0
1646411546,E,MIC,3.0
1646411546,E,RSSI,57.0
1646411547,G,Temperature,23.024999618530273
1646411547,G,Humidity,33.205001831054695
1646411547,G,Pressure,101614.0
1646411547,G,Gas,1792.279052734375
1646411547,G,Accelerometer,0.0
1646411547,G,Light,1471.0
1646411547,G,MIC,3.0
1646411547,G,RSSI,76.0
1646411549,A,Temperature,22.795000076293945
1646411549,A,Humidity,33.277999877929695
1646411549,A,Pressure,101595.0
1646411549,A,Gas,1392.7349853515625
1646411549,A,Accelerometer,0.0
1646411549,A,Light,2168.0
1646411549,A,MIC,3.0
1646411549,A,RSSI,79.0
1646411550,B,Temperature,22.94499969482422
1646411550,B,Humidity,32.227001190185554
1646411550,B,Pressure,101550.0
1646411550,B,Gas,4926.8291015625
1646411550,B,Accelerometer,0.0
1646411550,B,Light,642.0
1646411550,B,MIC,3.0
1646411550,B,RSSI,85.0
1646411553,D,Temperature,22.024999618530273
1646411553,D,Humidity,33.48400115966797
1646411553,D,Pressure,101619.0
1646411553,D,Gas,2899.50390625
1646411553,D,Accelerometer,0.0
1646411553,D,Light,204.0
1646411553,D,MIC,3.0
1646411553,D,RSSI,55.0
1646411554,H,Temperature,23.90500068664551
1646411554,H,Humidity,28.507999420166016
1646411554,H,Pressure,101604.0
1646411554,H,Gas,4609.64111328125
1646411554,H,Accelerometer,0.0
1646411554,H,Light,3581.0
1646411554,H,MIC,3.0
1646411554,H,RSSI,88.0
1646411555,E,Temperature,22.184999465942386
1646411555,E,Humidity,32.889999389648445
1646411555,E,Pressure,101597.0
1646411555,E,Gas,3207.52001953125
1646411555,E,Accelerometer,0.0
1646411555,E,Light,3724.0
1646411555,E,MIC,3.0
1646411555,E,RSSI,57.0
1646411556,F,Temperature,21.80500030517578
1646411556,F,Humidity,33.235000610351555
1646411556,F,Pressure,101640.0
1646411556,F,Gas,908.0770263671876
1646411556,F,Accelerometer,0.0
1646411556,F,Light,109.0
1646411556,F,MIC,3.0
1646411556,F,RSSI,73.0
1646411556,C,Temperature,22.854999542236328
1646411556,C,Humidity,33.33700180053711
1646411556,C,Pressure,101615.0
1646411556,C,Gas,1240.4599609375
1646411556,C,Accelerometer,0.0
1646411556,C,Light,1199.0
1646411556,C,MIC,3.0
1646411556,C,RSSI,75.0
1646411557,G,Temperature,23.024999618530273
1646411557,G,Humidity,33.19499969482422
1646411557,G,Pressure,101622.0
1646411557,G,Gas,1795.3509521484375
1646411557,G,Accelerometer,0.0
1646411557,G,Light,1461.0
1646411557,G,MIC,3.0
1646411557,G,RSSI,76.0
1646411561,B,Temperature,22.94499969482422
1646411561,B,Humidity,32.20800018310547
1646411561,B,Pressure,101549.0
1646411561,B,Gas,4929.40283203125
1646411561,B,Accelerometer,0.0
1646411561,B,Light,638.0
1646411561,B,MIC,3.0
1646411561,B,RSSI,85.0
1646411561,H,Temperature,23.895000457763672
1646411561,H,Humidity,28.52799987792969
1646411561,H,Pressure,101604.0
1646411561,H,Gas,4610.759765625
1646411561,H,Accelerometer,0.0
1646411561,H,Light,3581.0
1646411561,H,MIC,3.0
1646411561,H,RSSI,88.0
1646411561,A,Temperature,22.795000076293945
1646411561,A,Humidity,33.28099822998047
1646411561,A,Pressure,101593.0
1646411561,A,Gas,1388.2950439453125
1646411561,A,Accelerometer,0.0
1646411561,A,Light,2170.0
1646411561,A,MIC,3.0
1646411561,A,RSSI,79.0
1646411563,D,Temperature,22.024999618530273
1646411563,D,Humidity,33.46900177001953
1646411563,D,Pressure,101617.0
1646411563,D,Gas,2899.18896484375
1646411563,D,Accelerometer,0.0
1646411563,D,Light,205.0
1646411563,D,MIC,3.0
1646411563,D,RSSI,55.0
1646411565,E,Temperature,22.174999237060547
1646411565,E,Humidity,32.92200088500977
1646411565,E,Pressure,101597.0
1646411565,E,Gas,3213.758056640625
1646411565,E,Accelerometer,0.0
1646411565,E,Light,3733.0
1646411565,E,MIC,3.0
1646411565,E,RSSI,76.0
1646411565,F,Temperature,21.80500030517578
1646411565,F,Humidity,33.24700164794922
1646411565,F,Pressure,101640.0
1646411565,F,Gas,912.77197265625
1646411565,F,Accelerometer,0.0
1646411565,F,Light,110.0
1646411565,F,MIC,3.0
1646411565,F,RSSI,73.0
1646411565,C,Temperature,22.854999542236328
1646411565,C,Humidity,33.316001892089844
1646411565,C,Pressure,101615.0
1646411565,C,Gas,1240.8199462890625
1646411565,C,Accelerometer,0.0
1646411565,C,Light,1207.0
1646411565,C,MIC,3.0
1646411565,C,RSSI,75.0
1646411568,G,Temperature,23.01499938964844
1646411568,G,Humidity,33.24900054931641
1646411568,G,Pressure,101618.0
1646411568,G,Gas,1811.0770263671875
1646411568,G,Accelerometer,0.0
1646411568,G,Light,1461.0
1646411568,G,MIC,3.0
1646411568,G,RSSI,76.0
1646411569,A,Temperature,22.78499984741211
1646411569,A,Humidity,33.29700088500977
1646411569,A,Pressure,101595.0
1646411569,A,Gas,1390.3050537109375
1646411569,A,Accelerometer,0.0
1646411569,A,Light,2171.0
1646411569,A,MIC,3.0
1646411569,A,RSSI,79.0
1646411571,H,Temperature,23.90500068664551
1646411571,H,Humidity,28.54999923706055
1646411571,H,Pressure,101604.0
1646411571,H,Gas,4610.416015625
1646411571,H,Accelerometer,0.0
1646411571,H,Light,3579.0
1646411571,H,MIC,3.0
1646411571,H,RSSI,88.0
1646411572,B,Temperature,22.94499969482422
1646411572,B,Humidity,32.23400115966797
1646411572,B,Pressure,101550.0
1646411572,B,Gas,4928.27880859375
1646411572,B,Accelerometer,0.0
1646411572,B,Light,626.0
1646411572,B,MIC,3.0
1646411572,B,RSSI,85.0
1646411573,D,Temperature,22.01499938964844
1646411573,D,Humidity,33.48199844360352
1646411573,D,Pressure,101619.0
1646411573,D,Gas,2893.99609375
1646411573,D,Accelerometer,0.0
1646411573,D,Light,205.0
1646411573,D,MIC,3.0
1646411573,D,RSSI,55.0
1646411575,E,Temperature,22.165000915527344
1646411575,E,Humidity,32.942001342773445
1646411575,E,Pressure,101595.0
1646411575,E,Gas,3200.909912109375
1646411575,E,Accelerometer,0.0
1646411575,E,Light,3726.0
1646411575,E,MIC,3.0
1646411575,E,RSSI,76.0
1646411575,F,Temperature,21.815000534057614
1646411575,F,Humidity,33.21900177001953
1646411575,F,Pressure,101640.0
1646411575,F,Gas,919.9010009765624
1646411575,F,Accelerometer,0.0
1646411575,F,Light,110.0
1646411575,F,MIC,3.0
1646411575,F,RSSI,73.0
1646411576,C,Temperature,22.84499931335449
1646411576,C,Humidity,33.29199981689453
1646411576,C,Pressure,101611.0
1646411576,C,Gas,1234.7969970703125
1646411576,C,Accelerometer,0.0
1646411576,C,Light,1200.0
1646411576,C,MIC,3.0
1646411576,C,RSSI,75.0
1646411578,G,Temperature,23.024999618530273
1646411578,G,Humidity,33.200000762939446
1646411578,G,Pressure,101618.0
1646411578,G,Gas,1804.905029296875
1646411578,G,Accelerometer,0.0
1646411578,G,Light,1463.0
1646411578,G,MIC,3.0
1646411578,G,RSSI,76.0
1646411579,A,Temperature,22.78499984741211
1646411579,A,Humidity,33.29399871826172
1646411579,A,Pressure,101595.0
1646411579,A,Gas,1395.385986328125
1646411579,A,Accelerometer,0.0
1646411579,A,Light,2172.0
1646411579,A,MIC,3.0
1646411579,A,RSSI,79.0
1646411582,B,Temperature,22.94499969482422
1646411582,B,Humidity,32.22100067138672
1646411582,B,Pressure,101552.0
1646411582,B,Gas,4945.22314453125
1646411582,B,Accelerometer,0.0
1646411582,B,Light,636.0
1646411582,B,MIC,3.0
1646411582,B,RSSI,85.0
1646411582,H,Temperature,23.90500068664551
1646411582,H,Humidity,28.614999771118164
1646411582,H,Pressure,101604.0
1646411582,H,Gas,4618.18310546875
1646411582,H,Accelerometer,0.0
1646411582,H,Light,3578.0
1646411582,H,MIC,3.0
1646411582,H,RSSI,88.0
1646411583,D,Temperature,22.0049991607666
1646411583,D,Humidity,33.51599884033203
1646411583,D,Pressure,101617.0
1646411583,D,Gas,2874.660888671875
1646411583,D,Accelerometer,0.0
1646411583,D,Light,205.0
1646411583,D,MIC,3.0
1646411583,D,RSSI,55.0
1646411585,E,Temperature,22.155000686645508
1646411585,E,Humidity,32.92699813842773
1646411585,E,Pressure,101597.0
1646411585,E,Gas,3202.7041015625
1646411585,E,Accelerometer,0.0
1646411585,E,Light,3724.0
1646411585,E,MIC,3.0
1646411585,E,RSSI,76.0
1646411585,F,Temperature,21.80500030517578
1646411585,F,Humidity,33.24900054931641
1646411585,F,Pressure,101640.0
1646411585,F,Gas,911.8419799804688
1646411585,F,Accelerometer,0.0
1646411585,F,Light,111.0
1646411585,F,MIC,3.0
1646411585,F,RSSI,77.0
1646411585,C,Temperature,22.84499931335449
1646411585,C,Humidity,33.32699966430664
1646411585,C,Pressure,101609.0
1646411585,C,Gas,1219.48095703125
1646411585,C,Accelerometer,0.0
1646411585,C,Light,1200.0
1646411585,C,MIC,3.0
1646411585,C,RSSI,75.0
1646411588,G,Temperature,23.01499938964844
1646411588,G,Humidity,33.215999603271484
1646411588,G,Pressure,101618.0
1646411588,G,Gas,1791.93603515625
1646411588,G,Accelerometer,0.0
1646411588,G,Light,1469.0
1646411588,G,MIC,3.0
1646411588,G,RSSI,76.0
1646411589,A,Temperature,22.774999618530273
1646411589,A,Humidity,33.30199813842773
1646411589,A,Pressure,101593.0
1646411589,A,Gas,1392.9510498046875
1646411589,A,Accelerometer,0.0
1646411589,A,Light,2163.0
1646411589,A,MIC,3.0
1646411589,A,RSSI,79.0
1646411590,B,Temperature,22.94499969482422
1646411590,B,Humidity,32.23300170898437
1646411590,B,Pressure,101550.0
1646411590,B,Gas,4931.64990234375
1646411590,B,Accelerometer,0.0
1646411590,B,Light,638.0
1646411590,B,MIC,3.0
1646411590,B,RSSI,85.0
1646411592,H,Temperature,23.895000457763672
1646411592,H,Humidity,28.645000457763672
1646411592,H,Pressure,101604.0
1646411592,H,Gas,4645.0458984375
1646411592,H,Accelerometer,0.0
1646411592,H,Light,3585.0
1646411592,H,MIC,3.0
1646411592,H,RSSI,87.0
1646411593,D,Temperature,21.9950008392334
1646411593,D,Humidity,33.535999298095696
1646411593,D,Pressure,101619.0
1646411593,D,Gas,2889.866943359375
1646411593,D,Accelerometer,0.0
1646411593,D,Light,206.0
1646411593,D,MIC,3.0
1646411593,D,RSSI,55.0
1646411595,E,Temperature,22.145000457763672
1646411595,E,Humidity,32.951000213623054
1646411595,E,Pressure,101599.0
1646411595,E,Gas,3196.719970703125
1646411595,E,Accelerometer,0.0
1646411595,E,Light,3729.0
1646411595,E,MIC,3.0
1646411595,E,RSSI,76.0
1646411595,F,Temperature,21.80500030517578
1646411595,F,Humidity,33.242000579833984
1646411595,F,Pressure,101640.0
1646411595,F,Gas,928.4149780273438
1646411595,F,Accelerometer,0.0
1646411595,F,Light,111.0
1646411595,F,MIC,3.0
1646411595,F,RSSI,77.0
1646411595,C,Temperature,22.854999542236328
1646411595,C,Humidity,33.32699966430664
1646411595,C,Pressure,101615.0
1646411595,C,Gas,1229.0069580078125
1646411595,C,Accelerometer,0.0
1646411595,C,Light,1202.0
1646411595,C,MIC,3.0
1646411595,C,RSSI,75.0
1646411597,G,Temperature,23.024999618530273
1646411597,G,Humidity,33.18099975585937
1646411597,G,Pressure,101618.0
1646411597,G,Gas,1788.6920166015625
1646411597,G,Accelerometer,0.0
1646411597,G,Light,1464.0
1646411597,G,MIC,3.0
1646411597,G,RSSI,70.0
1646411599,B,Temperature,22.95499992370605
1646411599,B,Humidity,32.22800064086914
1646411599,B,Pressure,101550.0
1646411599,B,Gas,4928.68310546875
1646411599,B,Accelerometer,0.0
1646411599,B,Light,639.0
1646411599,B,MIC,3.0
1646411599,B,RSSI,85.0
1646411600,A,Temperature,22.78499984741211
1646411600,A,Humidity,33.294998168945305
1646411600,A,Pressure,101595.0
1646411600,A,Gas,1393.06103515625
1646411600,A,Accelerometer,0.0
1646411600,A,Light,2177.0
1646411600,A,MIC,3.0
1646411600,A,RSSI,81.0
1646411601,H,Temperature,23.90500068664551
1646411601,H,Humidity,28.63500022888184
1646411601,H,Pressure,101606.0
1646411601,H,Gas,4660.291015625
1646411601,H,Accelerometer,0.0
1646411601,H,Light,3585.0
1646411601,H,MIC,3.0
1646411601,H,RSSI,87.0
1646411603,D,Temperature,22.0049991607666
1646411603,D,Humidity,33.512001037597656
1646411603,D,Pressure,101617.0
1646411603,D,Gas,2886.285888671875
1646411603,D,Accelerometer,0.0
1646411603,D,Light,205.0
1646411603,D,MIC,3.0
1646411603,D,RSSI,57.0
1646411605,E,Temperature,22.145000457763672
1646411605,E,Humidity,32.992000579833984
1646411605,E,Pressure,101595.0
1646411605,E,Gas,3186.60693359375
1646411605,E,Accelerometer,0.0
1646411605,E,Light,3722.0
1646411605,E,MIC,3.0
1646411605,E,RSSI,76.0
1646411605,F,Temperature,21.80500030517578
1646411605,F,Humidity,33.24900054931641
1646411605,F,Pressure,101640.0
1646411605,F,Gas,912.427978515625
1646411605,F,Accelerometer,0.0
1646411605,F,Light,112.0
1646411605,F,MIC,3.0
1646411605,F,RSSI,77.0
1646411605,C,Temperature,22.864999771118164
1646411605,C,Humidity,33.29800033569336
1646411605,C,Pressure,101613.0
1646411605,C,Gas,1237.1219482421875
1646411605,C,Accelerometer,0.0
1646411605,C,Light,1200.0
1646411605,C,MIC,3.0
1646411605,C,RSSI,75.0
1646411607,G,Temperature,23.01499938964844
1646411607,G,Humidity,33.187999725341804
1646411607,G,Pressure,101618.0
1646411607,G,Gas,1784.68994140625
1646411607,G,Accelerometer,0.0
1646411607,G,Light,1467.0
1646411607,G,MIC,3.0
1646411607,G,RSSI,70.0
1646411609,A,Temperature,22.78499984741211
1646411609,A,Humidity,33.29700088500977
1646411609,A,Pressure,101597.0
1646411609,A,Gas,1395.8179931640625
1646411609,A,Accelerometer,0.0
1646411609,A,Light,2170.0
1646411609,A,MIC,3.0
1646411609,A,RSSI,81.0
1646411610,B,Temperature,22.95499992370605
1646411610,B,Humidity,32.242000579833984
1646411610,B,Pressure,101550.0
1646411610,B,Gas,4919.87109375
1646411610,B,Accelerometer,0.0
1646411610,B,Light,635.0
1646411610,B,MIC,3.0
1646411610,B,RSSI,85.0
1646411611,H,Temperature,23.895000457763672
1646411611,H,Humidity,28.670000076293945
1646411611,H,Pressure,101606.0
1646411611,H,Gas,4665.01806640625
1646411611,H,Accelerometer,0.0
1646411611,H,Light,3576.0
1646411611,H,MIC,3.0
1646411611,H,RSSI,87.0
1646411613,D,Temperature,22.0049991607666
1646411613,D,Humidity,33.511001586914055
1646411613,D,Pressure,101621.0
1646411613,D,Gas,2899.824951171875
1646411613,D,Accelerometer,0.0
1646411613,D,Light,205.0
1646411613,D,MIC,3.0
1646411613,D,RSSI,57.0
1646411615,E,Temperature,22.155000686645508
1646411615,E,Humidity,32.977001190185554
1646411615,E,Pressure,101599.0
1646411615,E,Gas,3188.633056640625
1646411615,E,Accelerometer,0.0
1646411615,E,Light,3717.0
1646411615,E,MIC,3.0
1646411615,E,RSSI,82.0
1646411615,F,Temperature,21.80500030517578
1646411615,F,Humidity,33.238998413085945
1646411615,F,Pressure,101640.0
1646411615,F,Gas,911.4210205078124
1646411615,F,Accelerometer,0.0
1646411615,F,Light,113.0
1646411615,F,MIC,3.0
1646411615,F,RSSI,77.0
1646411615,C,Temperature,22.875
1646411615,C,Humidity,33.29399871826172
1646411615,C,Pressure,101615.0
1646411615,C,Gas,1239.9949951171875
1646411615,C,Accelerometer,0.0
1646411615,C,Light,1208.0
1646411615,C,MIC,3.0
1646411615,C,RSSI,75.0
1646411617,G,Temperature,23.0049991607666
1646411617,G,Humidity,33.201000213623054
1646411617,G,Pressure,101620.0
1646411617,G,Gas,1765.093994140625
1646411617,G,Accelerometer,0.0
1646411617,G,Light,1458.0
1646411617,G,MIC,3.0
1646411617,G,RSSI,70.0
1646411620,A,Temperature,22.774999618530273
1646411620,A,Humidity,33.312999725341804
1646411620,A,Pressure,101593.0
1646411620,A,Gas,1375.5360107421875
1646411620,A,Accelerometer,0.0
1646411620,A,Light,2173.0
1646411620,A,MIC,3.0
1646411620,A,RSSI,81.0
1646411621,B,Temperature,22.96500015258789
1646411621,B,Humidity,32.25400161743164
1646411621,B,Pressure,101552.0
1646411621,B,Gas,4914.44580078125
1646411621,B,Accelerometer,0.0
1646411621,B,Light,635.0
1646411621,B,MIC,3.0
1646411621,B,RSSI,85.0
1646411621,H,Temperature,23.895000457763672
1646411621,H,Humidity,28.665000915527344
1646411621,H,Pressure,101606.0
1646411621,H,Gas,4663.2470703125
1646411621,H,Accelerometer,0.0
1646411621,H,Light,3583.0
1646411621,H,MIC,3.0
1646411621,H,RSSI,87.0
1646411623,D,Temperature,21.9950008392334
1646411623,D,Humidity,33.529998779296875
1646411623,D,Pressure,101621.0
1646411623,D,Gas,2896.221923828125
1646411623,D,Accelerometer,0.0
1646411623,D,Light,206.0
1646411623,D,MIC,3.0
1646411623,D,RSSI,57.0
1646411625,E,Temperature,22.155000686645508
1646411625,E,Humidity,32.99100112915039
1646411625,E,Pressure,101599.0
1646411625,E,Gas,3193.824951171875
1646411625,E,Accelerometer,0.0
1646411625,E,Light,3718.0
1646411625,E,MIC,3.0
1646411625,E,RSSI,82.0
1646411625,F,Temperature,21.80500030517578
1646411625,F,Humidity,33.240001678466804
1646411625,F,Pressure,101640.0
1646411625,F,Gas,907.3359985351562
1646411625,F,Accelerometer,0.0
1646411625,F,Light,112.0
1646411625,F,MIC,3.0
1646411625,F,RSSI,77.0
1646411626,C,Temperature,22.875
1646411626,C,Humidity,33.299999237060554
1646411626,C,Pressure,101613.0
1646411626,C,Gas,1234.3759765625
1646411626,C,Accelerometer,0.0
1646411626,C,Light,1203.0
1646411626,C,MIC,3.0
1646411626,C,RSSI,75.0
1646411627,G,Temperature,23.01499938964844
1646411627,G,Humidity,33.19499969482422
1646411627,G,Pressure,101618.0
1646411627,G,Gas,1766.2010498046875
1646411627,G,Accelerometer,0.0
1646411627,G,Light,1461.0
1646411627,G,MIC,3.0
1646411627,G,RSSI,70.0
1646411629,A,Temperature,22.774999618530273
1646411629,A,Humidity,33.298999786376946
1646411629,A,Pressure,101593.0
1646411629,A,Gas,1372.885009765625
1646411629,A,Accelerometer,0.0
1646411629,A,Light,2172.0
1646411629,A,MIC,3.0
1646411629,A,RSSI,81.0
1646411629,B,Temperature,22.96500015258789
1646411629,B,Humidity,32.240001678466804
1646411629,B,Pressure,101550.0
1646411629,B,Gas,4914.0029296875
1646411629,B,Accelerometer,0.0
1646411629,B,Light,640.0
1646411629,B,MIC,3.0
1646411629,B,RSSI,84.0
1646411631,H,Temperature,23.895000457763672
1646411631,H,Humidity,28.63999938964844
1646411631,H,Pressure,101606.0
1646411631,H,Gas,4662.4111328125
1646411631,H,Accelerometer,0.0
1646411631,H,Light,3587.0
1646411631,H,MIC,3.0
1646411631,H,RSSI,87.0
1646411633,D,Temperature,21.9950008392334
1646411633,D,Humidity,33.54700088500977
1646411633,D,Pressure,101619.0
1646411633,D,Gas,2879.8759765625
1646411633,D,Accelerometer,0.0
1646411633,D,Light,206.0
1646411633,D,MIC,3.0
1646411633,D,RSSI,57.0
1646411635,E,Temperature,22.155000686645508
1646411635,E,Humidity,33.00299835205078
1646411635,E,Pressure,101599.0
1646411635,E,Gas,3207.132080078125
1646411635,E,Accelerometer,0.0
1646411635,E,Light,3725.0
1646411635,E,MIC,3.0
1646411635,E,RSSI,82.0
1646411635,F,Temperature,21.815000534057614
1646411635,F,Humidity,33.227001190185554
1646411635,F,Pressure,101640.0
1646411635,F,Gas,904.8889770507812
1646411635,F,Accelerometer,0.0
1646411635,F,Light,113.0
1646411635,F,MIC,3.0
1646411635,F,RSSI,78.0
1646411636,C,Temperature,22.875
1646411636,C,Humidity,33.268001556396484
1646411636,C,Pressure,101615.0
1646411636,C,Gas,1230.844970703125
1646411636,C,Accelerometer,0.0
1646411636,C,Light,1205.0
1646411636,C,MIC,3.0
1646411636,C,RSSI,76.0
1646411637,G,Temperature,23.01499938964844
1646411637,G,Humidity,33.208999633789055
1646411637,G,Pressure,101620.0
1646411637,G,Gas,1760.0460205078125
1646411637,G,Accelerometer,0.0
1646411637,G,Light,1464.0
1646411637,G,MIC,3.0
1646411637,G,RSSI,70.0
1646411639,A,Temperature,22.774999618530273
1646411639,A,Humidity,33.273998260498054
1646411639,A,Pressure,101593.0
1646411639,A,Gas,1386.5069580078125
1646411639,A,Accelerometer,0.0
1646411639,A,Light,2166.0
1646411639,A,MIC,3.0
1646411639,A,RSSI,81.0
1646411640,B,Temperature,22.95499992370605
1646411640,B,Humidity,32.24900054931641
1646411640,B,Pressure,101550.0
1646411640,B,Gas,4910.82080078125
1646411640,B,Accelerometer,0.0
1646411640,B,Light,634.0
1646411640,B,MIC,3.0
1646411640,B,RSSI,84.0
1646411641,H,Temperature,23.915000915527344
1646411641,H,Humidity,28.625
1646411641,H,Pressure,101610.0
1646411641,H,Gas,4644.07177734375
1646411641,H,Accelerometer,0.0
1646411641,H,Light,3579.0
1646411641,H,MIC,3.0
1646411641,H,RSSI,78.0
1646411643,D,Temperature,22.0049991607666
1646411643,D,Humidity,33.53499984741211
1646411643,D,Pressure,101621.0
1646411643,D,Gas,2886.673095703125
1646411643,D,Accelerometer,0.0
1646411643,D,Light,206.0
1646411643,D,MIC,3.0
1646411643,D,RSSI,57.0
1646411645,E,Temperature,22.155000686645508
1646411645,E,Humidity,32.998001098632805
1646411645,E,Pressure,101599.0
1646411645,E,Gas,3203.472900390625
1646411645,E,Accelerometer,0.0
1646411645,E,Light,3724.0
1646411645,E,MIC,3.0
1646411645,E,RSSI,82.0
1646411645,F,Temperature,21.80500030517578
1646411645,F,Humidity,33.24700164794922
1646411645,F,Pressure,101640.0
1646411645,F,Gas,903.2059936523438
1646411645,F,Accelerometer,0.0
1646411645,F,Light,113.0
1646411645,F,MIC,3.0
1646411645,F,RSSI,78.0
1646411646,C,Temperature,22.875
1646411646,C,Humidity,33.268001556396484
1646411646,C,Pressure,101613.0
1646411646,C,Gas,1236.053955078125
1646411646,C,Accelerometer,0.0
1646411646,C,Light,1200.0
1646411646,C,MIC,3.0
1646411646,C,RSSI,76.0
1646411649,G,Temperature,23.01499938964844
1646411649,G,Humidity,33.201000213623054
1646411649,G,Pressure,101618.0
1646411649,G,Gas,1754.1180419921875
1646411649,G,Accelerometer,0.0
1646411649,G,Light,1467.0
1646411649,G,MIC,3.0
1646411649,G,RSSI,71.0
1646411649,A,Temperature,22.774999618530273
1646411649,A,Humidity,33.2760009765625
1646411649,A,Pressure,101593.0
1646411649,A,Gas,1397.0469970703125
1646411649,A,Accelerometer,0.0
1646411649,A,Light,2176.0
1646411649,A,MIC,3.0
1646411649,A,RSSI,81.0
1646411651,H,Temperature,23.90500068664551
1646411651,H,Humidity,28.61100006103516
1646411651,H,Pressure,101606.0
1646411651,H,Gas,4637.05322265625
1646411651,H,Accelerometer,0.0
1646411651,H,Light,3582.0
1646411651,H,MIC,3.0
1646411651,H,RSSI,78.0
1646411653,D,Temperature,22.0049991607666
1646411653,D,Humidity,33.5260009765625
1646411653,D,Pressure,101617.0
1646411653,D,Gas,2873.10009765625
1646411653,D,Accelerometer,0.0
1646411653,D,Light,207.0
1646411653,D,MIC,3.0
1646411653,D,RSSI,54.0
1646411655,E,Temperature,22.155000686645508
1646411655,E,Humidity,33.014999389648445
1646411655,E,Pressure,101599.0
1646411655,E,Gas,3210.81298828125
1646411655,E,Accelerometer,0.0
1646411655,E,Light,3724.0
1646411655,E,MIC,3.0
1646411655,E,RSSI,82.0
1646411655,F,Temperature,21.80500030517578
1646411655,F,Humidity,33.250999450683594
1646411655,F,Pressure,101642.0
1646411655,F,Gas,912.9039916992188
1646411655,F,Accelerometer,0.0
1646411655,F,Light,113.0
1646411655,F,MIC,3.0
1646411655,F,RSSI,78.0
1646411655,C,Temperature,22.864999771118164
1646411655,C,Humidity,33.29800033569336
1646411655,C,Pressure,101613.0
1646411655,C,Gas,1229.1510009765625
1646411655,C,Accelerometer,0.0
1646411655,C,Light,1198.0
1646411655,C,MIC,3.0
1646411655,C,RSSI,76.0
1646411657,G,Temperature,23.01499938964844
1646411657,G,Humidity,33.227001190185554
1646411657,G,Pressure,101618.0
1646411657,G,Gas,1755.363037109375
1646411657,G,Accelerometer,0.0
1646411657,G,Light,1459.0
1646411657,G,MIC,3.0
1646411657,G,RSSI,71.0
1646411659,A,Temperature,22.774999618530273
1646411659,A,Humidity,33.28200149536133
1646411659,A,Pressure,101595.0
1646411659,A,Gas,1391.7220458984375
1646411659,A,Accelerometer,0.0
1646411659,A,Light,2171.0
1646411659,A,MIC,3.0
1646411659,A,RSSI,78.0
1646411661,H,Temperature,23.92499923706055
1646411661,H,Humidity,28.57999992370605
1646411661,H,Pressure,101604.0
1646411661,H,Gas,4658.009765625
1646411661,H,Accelerometer,0.0
1646411661,H,Light,3584.0
1646411661,H,MIC,3.0
1646411661,H,RSSI,78.0
1646411663,D,Temperature,21.9950008392334
1646411663,D,Humidity,33.55699920654297
1646411663,D,Pressure,101621.0
1646411663,D,Gas,2893.093994140625
1646411663,D,Accelerometer,0.0
1646411663,D,Light,208.0
1646411663,D,MIC,3.0
1646411663,D,RSSI,54.0
1646411664,B,Temperature,22.95499992370605
1646411664,B,Humidity,32.26900100708008
1646411664,B,Pressure,101550.0
1646411664,B,Gas,4910.0732421875
1646411664,B,Accelerometer,0.0
1646411664,B,Light,638.0
1646411664,B,MIC,3.0
1646411664,B,RSSI,84.0
1646411665,E,Temperature,22.155000686645508
1646411665,E,Humidity,33.009998321533196
1646411665,E,Pressure,101599.0
1646411665,E,Gas,3196.011962890625
1646411665,E,Accelerometer,0.0
1646411665,E,Light,3734.0
1646411665,E,MIC,3.0
1646411665,E,RSSI,61.0
1646411665,F,Temperature,21.80500030517578
1646411665,F,Humidity,33.250999450683594
1646411665,F,Pressure,101642.0
1646411665,F,Gas,911.9910278320312
1646411665,F,Accelerometer,0.0
1646411665,F,Light,114.0
1646411665,F,MIC,3.0
1646411665,F,RSSI,78.0
1646411665,C,Temperature,22.875
1646411665,C,Humidity,33.28499984741211
1646411665,C,Pressure,101615.0
1646411665,C,Gas,1227.8499755859375
1646411665,C,Accelerometer,0.0
1646411665,C,Light,1200.0
1646411665,C,MIC,3.0
1646411665,C,RSSI,76.0
1646411667,G,Temperature,23.024999618530273
1646411667,G,Humidity,33.20399856567383
1646411667,G,Pressure,101620.0
1646411667,G,Gas,1766.987060546875
1646411667,G,Accelerometer,0.0
1646411667,G,Light,1467.0
1646411667,G,MIC,3.0
1646411667,G,RSSI,71.0
1646411669,A,Temperature,22.774999618530273
1646411669,A,Humidity,33.264999389648445
1646411669,A,Pressure,101595.0
1646411669,A,Gas,1399.6490478515625
1646411669,A,Accelerometer,0.0
1646411669,A,Light,2162.0
1646411669,A,MIC,3.0
1646411669,A,RSSI,78.0
1646411672,H,Temperature,23.934999465942386
1646411672,H,Humidity,28.55699920654297
1646411672,H,Pressure,101608.0
1646411672,H,Gas,4655.23681640625
1646411672,H,Accelerometer,0.0
1646411672,H,Light,3587.0
1646411672,H,MIC,3.0
1646411672,H,RSSI,78.0
1646411673,D,Temperature,21.98500061035156
1646411673,D,Humidity,33.567001342773445
1646411673,D,Pressure,101619.0
1646411673,D,Gas,2877.944091796875
1646411673,D,Accelerometer,0.0
1646411673,D,Light,209.0
1646411673,D,MIC,3.0
1646411673,D,RSSI,54.0
1646411674,B,Temperature,22.94499969482422
1646411674,B,Humidity,32.290000915527344
1646411674,B,Pressure,101550.0
1646411674,B,Gas,4904.25
1646411674,B,Accelerometer,1.0
1646411674,B,Light,638.0
1646411674,B,MIC,3.0
1646411674,B,RSSI,84.0
1646411675,E,Temperature,22.165000915527344
1646411675,E,Humidity,33.005001068115234
1646411675,E,Pressure,101597.0
1646411675,E,Gas,3205.339111328125
1646411675,E,Accelerometer,0.0
1646411675,E,Light,3729.0
1646411675,E,MIC,3.0
1646411675,E,RSSI,61.0
1646411675,F,Temperature,21.795000076293945
1646411675,F,Humidity,33.277999877929695
1646411675,F,Pressure,101643.0
1646411675,F,Gas,905.5640258789062
1646411675,F,Accelerometer,0.0
1646411675,F,Light,114.0
1646411675,F,MIC,3.0
1646411675,F,RSSI,78.0
1646411675,C,Temperature,22.875
1646411675,C,Humidity,33.27199935913086
1646411675,C,Pressure,101613.0
1646411675,C,Gas,1224.3680419921875
1646411675,C,Accelerometer,0.0
1646411675,C,Light,1194.0
1646411675,C,MIC,3.0
1646411675,C,RSSI,76.0
1646411677,G,Temperature,23.01499938964844
1646411677,G,Humidity,33.214000701904304
1646411677,G,Pressure,101618.0
1646411677,G,Gas,1756.6800537109375
1646411677,G,Accelerometer,0.0
1646411677,G,Light,1465.0
1646411677,G,MIC,3.0
1646411677,G,RSSI,71.0
1646411679,A,Temperature,22.78499984741211
1646411679,A,Humidity,33.25299835205078
1646411679,A,Pressure,101601.0
1646411679,A,Gas,1391.843994140625
1646411679,A,Accelerometer,0.0
1646411679,A,Light,2178.0
1646411679,A,MIC,3.0
1646411679,A,RSSI,78.0
1646411681,H,Temperature,23.934999465942386
1646411681,H,Humidity,28.54700088500977
1646411681,H,Pressure,101608.0
1646411681,H,Gas,4645.51708984375
1646411681,H,Accelerometer,0.0
1646411681,H,Light,3580.0
1646411681,H,MIC,3.0
1646411681,H,RSSI,78.0
1646411683,D,Temperature,21.98500061035156
1646411683,D,Humidity,33.583999633789055
1646411683,D,Pressure,101621.0
1646411683,D,Gas,2868.117919921875
1646411683,D,Accelerometer,0.0
1646411683,D,Light,210.0
1646411683,D,MIC,3.0
1646411683,D,RSSI,54.0
1646411685,E,Temperature,22.165000915527344
1646411685,E,Humidity,32.98400115966797
1646411685,E,Pressure,101599.0
1646411685,E,Gas,3213.7529296875
1646411685,E,Accelerometer,0.0
1646411685,E,Light,3732.0
1646411685,E,MIC,3.0
1646411685,E,RSSI,61.0
1646411685,F,Temperature,21.795000076293945
1646411685,F,Humidity,33.268001556396484
1646411685,F,Pressure,101642.0
1646411685,F,Gas,898.6729736328125
1646411685,F,Accelerometer,0.0
1646411685,F,Light,114.0
1646411685,F,MIC,3.0
1646411685,F,RSSI,77.0
1646411685,C,Temperature,22.864999771118164
1646411685,C,Humidity,33.314998626708984
1646411685,C,Pressure,101613.0
1646411685,C,Gas,1220.43798828125
1646411685,C,Accelerometer,0.0
1646411685,C,Light,1192.0
1646411685,C,MIC,3.0
1646411685,C,RSSI,75.0
1646411687,G,Temperature,23.0049991607666
1646411687,G,Humidity,33.23199844360352
1646411687,G,Pressure,101620.0
1646411687,G,Gas,1739.4539794921875
1646411687,G,Accelerometer,0.0
1646411687,G,Light,1462.0
1646411687,G,MIC,3.0
1646411687,G,RSSI,71.0
1646411689,A,Temperature,22.78499984741211
1646411689,A,Humidity,33.26599884033203
1646411689,A,Pressure,101597.0
1646411689,A,Gas,1376.2889404296875
1646411689,A,Accelerometer,0.0
1646411689,A,Light,2179.0
1646411689,A,MIC,3.0
1646411689,A,RSSI,78.0
1646411691,H,Temperature,23.92499923706055
1646411691,H,Humidity,28.583999633789066
1646411691,H,Pressure,101606.0
1646411691,H,Gas,4638.94580078125
1646411691,H,Accelerometer,0.0
1646411691,H,Light,3584.0
1646411691,H,MIC,3.0
1646411691,H,RSSI,89.0
1646411693,D,Temperature,21.98500061035156
1646411693,D,Humidity,33.573001861572266
1646411693,D,Pressure,101619.0
1646411693,D,Gas,2861.447998046875
1646411693,D,Accelerometer,0.0
1646411693,D,Light,212.0
1646411693,D,MIC,3.0
1646411693,D,RSSI,54.0
1646411695,E,Temperature,22.155000686645508
1646411695,E,Humidity,33.012001037597656
1646411695,E,Pressure,101599.0
1646411695,E,Gas,3204.010009765625
1646411695,E,Accelerometer,0.0
1646411695,E,Light,3725.0
1646411695,E,MIC,3.0
1646411695,E,RSSI,61.0
1646411695,F,Temperature,21.80500030517578
1646411695,F,Humidity,33.264999389648445
1646411695,F,Pressure,101642.0
1646411695,F,Gas,901.0419921875
1646411695,F,Accelerometer,0.0
1646411695,F,Light,115.0
1646411695,F,MIC,3.0
1646411695,F,RSSI,77.0
1646411696,C,Temperature,22.854999542236328
1646411696,C,Humidity,33.291000366210945
1646411696,C,Pressure,101615.0
1646411696,C,Gas,1217.322021484375
1646411696,C,Accelerometer,0.0
1646411696,C,Light,1192.0
1646411696,C,MIC,3.0
1646411696,C,RSSI,75.0
1646411697,G,Temperature,23.01499938964844
1646411697,G,Humidity,33.205001831054695
1646411697,G,Pressure,101620.0
1646411697,G,Gas,1743.927001953125
1646411697,G,Accelerometer,0.0
1646411697,G,Light,1457.0
1646411697,G,MIC,3.0
1646411697,G,RSSI,71.0
1646411699,A,Temperature,22.78499984741211
1646411699,A,Humidity,33.25899887084961
1646411699,A,Pressure,101595.0
1646411699,A,Gas,1377.0579833984375
1646411699,A,Accelerometer,0.0
1646411699,A,Light,2167.0
1646411699,A,MIC,3.0
1646411699,A,RSSI,81.0
1646411701,H,Temperature,23.92499923706055
1646411701,H,Humidity,28.59700012207031
1646411701,H,Pressure,101604.0
1646411701,H,Gas,4641.40380859375
1646411701,H,Accelerometer,0.0
1646411701,H,Light,3580.0
1646411701,H,MIC,3.0
1646411701,H,RSSI,89.0
1646411703,D,Temperature,21.98500061035156
1646411703,D,Humidity,33.56999969482422
1646411703,D,Pressure,101619.0
1646411703,D,Gas,2865.15087890625
1646411703,D,Accelerometer,0.0
1646411703,D,Light,212.0
1646411703,D,MIC,3.0
1646411703,D,RSSI,73.0
1646411705,E,Temperature,22.145000457763672
1646411705,E,Humidity,33.040000915527344
1646411705,E,Pressure,101599.0
1646411705,E,Gas,3191.931884765625
1646411705,E,Accelerometer,0.0
1646411705,E,Light,3723.0
1646411705,E,MIC,3.0
1646411705,E,RSSI,61.0
1646411705,F,Temperature,21.80500030517578
1646411705,F,Humidity,33.262001037597656
1646411705,F,Pressure,101642.0
1646411705,F,Gas,901.56201171875
1646411705,F,Accelerometer,0.0
1646411705,F,Light,115.0
1646411705,F,MIC,3.0
1646411705,F,RSSI,77.0
1646411705,C,Temperature,22.854999542236328
1646411705,C,Humidity,33.29199981689453
1646411705,C,Pressure,101611.0
1646411705,C,Gas,1223.8370361328125
1646411705,C,Accelerometer,0.0
1646411705,C,Light,1197.0
1646411705,C,MIC,3.0
1646411705,C,RSSI,75.0
1646411709,G,Temperature,23.0049991607666
1646411709,G,Humidity,33.24399948120117
1646411709,G,Pressure,101620.0
1646411709,G,Gas,1731.4329833984375
1646411709,G,Accelerometer,0.0
1646411709,G,Light,1458.0
1646411709,G,MIC,3.0
1646411709,G,RSSI,71.0
1646411709,A,Temperature,22.774999618530273
1646411709,A,Humidity,33.263999938964844
1646411709,A,Pressure,101595.0
1646411709,A,Gas,1375.56396484375
1646411709,A,Accelerometer,0.0
1646411709,A,Light,2168.0
1646411709,A,MIC,3.0
1646411709,A,RSSI,81.0
1646411711,H,Temperature,23.92499923706055
1646411711,H,Humidity,28.572999954223643
1646411711,H,Pressure,101606.0
1646411711,H,Gas,4628.35693359375
1646411711,H,Accelerometer,0.0
1646411711,H,Light,3578.0
1646411711,H,MIC,3.0
1646411711,H,RSSI,89.0
1646411713,D,Temperature,21.975000381469727
1646411713,D,Humidity,33.597000122070305
1646411713,D,Pressure,101623.0
1646411713,D,Gas,2839.35595703125
1646411713,D,Accelerometer,0.0
1646411713,D,Light,214.0
1646411713,D,MIC,3.0
1646411713,D,RSSI,73.0
1646411715,E,Temperature,22.145000457763672
1646411715,E,Humidity,33.044998168945305
1646411715,E,Pressure,101601.0
1646411715,E,Gas,3182.15087890625
1646411715,E,Accelerometer,0.0
1646411715,E,Light,3721.0
1646411715,E,MIC,3.0
1646411715,E,RSSI,58.0
1646411715,F,Temperature,21.80500030517578
1646411715,F,Humidity,33.28499984741211
1646411715,F,Pressure,101642.0
1646411715,F,Gas,905.823974609375
1646411715,F,Accelerometer,0.0
1646411715,F,Light,115.0
1646411715,F,MIC,3.0
1646411715,F,RSSI,77.0
1646411715,C,Temperature,22.854999542236328
1646411715,C,Humidity,33.292999267578125
1646411715,C,Pressure,101611.0
1646411715,C,Gas,1217.376953125
1646411715,C,Accelerometer,0.0
1646411715,C,Light,1193.0
1646411715,C,MIC,3.0
1646411715,C,RSSI,75.0
1646411717,G,Temperature,23.0049991607666
1646411717,G,Humidity,33.222999572753906
1646411717,G,Pressure,101618.0
1646411717,G,Gas,1723.5899658203125
1646411717,G,Accelerometer,0.0
1646411717,G,Light,1454.0
1646411717,G,MIC,3.0
1646411717,G,RSSI,71.0
1646411719,A,Temperature,22.78499984741211
1646411719,A,Humidity,33.250999450683594
1646411719,A,Pressure,101595.0
1646411719,A,Gas,1369.18701171875
1646411719,A,Accelerometer,0.0
1646411719,A,Light,2174.0
1646411719,A,MIC,3.0
1646411719,A,RSSI,81.0
1646411722,H,Temperature,23.92499923706055
1646411722,H,Humidity,28.55299949645996
1646411722,H,Pressure,101606.0
1646411722,H,Gas,4607.44921875
1646411722,H,Accelerometer,0.0
1646411722,H,Light,3574.0
1646411722,H,MIC,3.0
1646411722,H,RSSI,89.0
1646411723,D,Temperature,21.975000381469727
1646411723,D,Humidity,33.601001739501946
1646411723,D,Pressure,101621.0
1646411723,D,Gas,2840.56298828125
1646411723,D,Accelerometer,0.0
1646411723,D,Light,215.0
1646411723,D,MIC,3.0
1646411723,D,RSSI,73.0
1646411725,F,Temperature,21.80500030517578
1646411725,F,Humidity,33.257999420166016
1646411725,F,Pressure,101642.0
1646411725,F,Gas,911.8359985351562
1646411725,F,Accelerometer,0.0
1646411725,F,Light,115.0
1646411725,F,MIC,3.0
1646411725,F,RSSI,77.0
1646411725,C,Temperature,22.854999542236328
1646411725,C,Humidity,33.28200149536133
1646411725,C,Pressure,101615.0
1646411725,C,Gas,1205.4759521484375
1646411725,C,Accelerometer,0.0
1646411725,C,Light,1189.0
1646411725,C,MIC,3.0
1646411725,C,RSSI,75.0
1646411726,E,Temperature,22.155000686645508
1646411726,E,Humidity,33.009998321533196
1646411726,E,Pressure,101599.0
1646411726,E,Gas,3171.27392578125
1646411726,E,Accelerometer,0.0
1646411726,E,Light,3727.0
1646411726,E,MIC,3.0
1646411726,E,RSSI,58.0
1646411727,G,Temperature,23.0049991607666
1646411727,G,Humidity,33.22100067138672
1646411727,G,Pressure,101620.0
1646411727,G,Gas,1721.06005859375
1646411727,G,Accelerometer,0.0
1646411727,G,Light,1461.0
1646411727,G,MIC,3.0
1646411727,G,RSSI,71.0
1646411729,A,Temperature,22.78499984741211
1646411729,A,Humidity,33.263999938964844
1646411729,A,Pressure,101595.0
1646411729,A,Gas,1362.4720458984375
1646411729,A,Accelerometer,0.0
1646411729,A,Light,2170.0
1646411729,A,MIC,3.0
1646411729,A,RSSI,81.0
1646411731,H,Temperature,23.90500068664551
1646411731,H,Humidity,28.58699989318848
1646411731,H,Pressure,101604.0
1646411731,H,Gas,4583.259765625
1646411731,H,Accelerometer,0.0
1646411731,H,Light,3576.0
1646411731,H,MIC,3.0
1646411731,H,RSSI,89.0
1646411733,D,Temperature,21.98500061035156
1646411733,D,Humidity,33.595001220703125
1646411733,D,Pressure,101623.0
1646411733,D,Gas,2850.7099609375
1646411733,D,Accelerometer,0.0
1646411733,D,Light,216.0
1646411733,D,MIC,3.0
1646411733,D,RSSI,73.0
1646411735,E,Temperature,22.145000457763672
1646411735,E,Humidity,33.03200149536133
1646411735,E,Pressure,101597.0
1646411735,E,Gas,3157.291015625
1646411735,E,Accelerometer,0.0
1646411735,E,Light,3729.0
1646411735,E,MIC,3.0
1646411735,E,RSSI,58.0
1646411735,F,Temperature,21.80500030517578
1646411735,F,Humidity,33.263999938964844
1646411735,F,Pressure,101642.0
1646411735,F,Gas,911.4600219726562
1646411735,F,Accelerometer,0.0
1646411735,F,Light,114.0
1646411735,F,MIC,3.0
1646411735,F,RSSI,73.0
1646411735,C,Temperature,22.84499931335449
1646411735,C,Humidity,33.29800033569336
1646411735,C,Pressure,101611.0
1646411735,C,Gas,1202.487060546875
1646411735,C,Accelerometer,0.0
1646411735,C,Light,1187.0
1646411735,C,MIC,3.0
1646411735,C,RSSI,75.0
1646411737,G,Temperature,23.0049991607666
1646411737,G,Humidity,33.22499847412109
1646411737,G,Pressure,101620.0
1646411737,G,Gas,1718.08203125
1646411737,G,Accelerometer,0.0
1646411737,G,Light,1455.0
1646411737,G,MIC,3.0
1646411737,G,RSSI,71.0
1646411739,A,Temperature,22.78499984741211
1646411739,A,Humidity,33.275001525878906
1646411739,A,Pressure,101597.0
1646411739,A,Gas,1353.2449951171875
1646411739,A,Accelerometer,0.0
1646411739,A,Light,2167.0
1646411739,A,MIC,3.0
1646411739,A,RSSI,81.0
1646411741,H,Temperature,23.90500068664551
1646411741,H,Humidity,28.59900093078613
1646411741,H,Pressure,101606.0
1646411741,H,Gas,4562.091796875
1646411741,H,Accelerometer,0.0
1646411741,H,Light,3576.0
1646411741,H,MIC,3.0
1646411741,H,RSSI,87.0
1646411743,D,Temperature,21.98500061035156
1646411743,D,Humidity,33.59299850463867
1646411743,D,Pressure,101621.0
1646411743,D,Gas,2831.5009765625
1646411743,D,Accelerometer,0.0
1646411743,D,Light,218.0
1646411743,D,MIC,3.0
1646411743,D,RSSI,73.0
1646411745,E,Temperature,22.155000686645508
1646411745,E,Humidity,33.02199935913086
1646411745,E,Pressure,101599.0
1646411745,E,Gas,3152.68505859375
1646411745,E,Accelerometer,0.0
1646411745,E,Light,3736.0
1646411745,E,MIC,3.0
1646411745,E,RSSI,58.0
1646411746,F,Temperature,21.80500030517578
1646411746,F,Humidity,33.27199935913086
1646411746,F,Pressure,101642.0
1646411746,F,Gas,914.593017578125
1646411746,F,Accelerometer,0.0
1646411746,F,Light,114.0
1646411746,F,MIC,3.0
1646411746,F,RSSI,73.0
1646411746,C,Temperature,22.854999542236328
1646411746,C,Humidity,33.28799819946289
1646411746,C,Pressure,101613.0
1646411746,C,Gas,1198.45703125
1646411746,C,Accelerometer,0.0
1646411746,C,Light,1194.0
1646411746,C,MIC,3.0
1646411746,C,RSSI,75.0
1646411748,G,Temperature,22.9950008392334
1646411748,G,Humidity,33.21699905395508
1646411748,G,Pressure,101622.0
1646411748,G,Gas,1717.64404296875
1646411748,G,Accelerometer,0.0
1646411748,G,Light,1455.0
1646411748,G,MIC,3.0
1646411748,G,RSSI,74.0
1646411749,A,Temperature,22.78499984741211
1646411749,A,Humidity,33.28499984741211
1646411749,A,Pressure,101597.0
1646411749,A,Gas,1341.875
1646411749,A,Accelerometer,0.0
1646411749,A,Light,2169.0
1646411749,A,MIC,3.0
1646411749,A,RSSI,81.0
1646411752,H,Temperature,23.915000915527344
1646411752,H,Humidity,28.583999633789066
1646411752,H,Pressure,101606.0
1646411752,H,Gas,4562.94384765625
1646411752,H,Accelerometer,0.0
1646411752,H,Light,3570.0
1646411752,H,MIC,3.0
1646411752,H,RSSI,87.0
1646411753,D,Temperature,21.98500061035156
1646411753,D,Humidity,33.59400177001953
1646411753,D,Pressure,101621.0
1646411753,D,Gas,2831.966064453125
1646411753,D,Accelerometer,0.0
1646411753,D,Light,218.0
1646411753,D,MIC,3.0
1646411753,D,RSSI,54.0
1646411755,E,Temperature,22.145000457763672
1646411755,E,Humidity,33.03300094604492
1646411755,E,Pressure,101599.0
1646411755,E,Gas,3139.444091796875
1646411755,E,Accelerometer,0.0
1646411755,E,Light,3735.0
1646411755,E,MIC,3.0
1646411755,E,RSSI,58.0
1646411755,F,Temperature,21.80500030517578
1646411755,F,Humidity,33.2760009765625
1646411755,F,Pressure,101642.0
1646411755,F,Gas,908.4760131835938
1646411755,F,Accelerometer,0.0
1646411755,F,Light,114.0
1646411755,F,MIC,3.0
1646411755,F,RSSI,73.0
1646411755,C,Temperature,22.854999542236328
1646411755,C,Humidity,33.285999298095696
1646411755,C,Pressure,101615.0
1646411755,C,Gas,1193.4969482421875
1646411755,C,Accelerometer,0.0
1646411755,C,Light,1191.0
1646411755,C,MIC,3.0
1646411755,C,RSSI,75.0
1646411757,G,Temperature,22.9950008392334
1646411757,G,Humidity,33.237998962402344
1646411757,G,Pressure,101624.0
1646411757,G,Gas,1697.2239990234375
1646411757,G,Accelerometer,0.0
1646411757,G,Light,1454.0
1646411757,G,MIC,3.0
1646411757,G,RSSI,74.0
1646411759,A,Temperature,22.78499984741211
1646411759,A,Humidity,33.30199813842773
1646411759,A,Pressure,101595.0
1646411759,A,Gas,1334.866943359375
1646411759,A,Accelerometer,0.0
1646411759,A,Light,2178.0
1646411759,A,MIC,3.0
1646411759,A,RSSI,81.0
1646411763,D,Temperature,21.9950008392334
1646411763,D,Humidity,33.590999603271484
1646411763,D,Pressure,101623.0
1646411763,D,Gas,2822.113037109375
1646411763,D,Accelerometer,0.0
1646411763,D,Light,220.0
1646411763,D,MIC,3.0
1646411763,D,RSSI,54.0
1646411764,H,Temperature,23.90500068664551
1646411764,H,Humidity,28.58099937438965
1646411764,H,Pressure,101606.0
1646411764,H,Gas,4569.97412109375
1646411764,H,Accelerometer,0.0
1646411764,H,Light,3563.0
1646411764,H,MIC,3.0
1646411764,H,RSSI,87.0
1646411765,F,Temperature,21.80500030517578
1646411765,F,Humidity,33.272998809814446
1646411765,F,Pressure,101642.0
1646411765,F,Gas,891.6539916992188
1646411765,F,Accelerometer,0.0
1646411765,F,Light,117.0
1646411765,F,MIC,3.0
1646411765,F,RSSI,73.0
1646411765,C,Temperature,22.84499931335449
1646411765,C,Humidity,33.30199813842773
1646411765,C,Pressure,101613.0
1646411765,C,Gas,1189.008056640625
1646411765,C,Accelerometer,0.0
1646411765,C,Light,1189.0
1646411765,C,MIC,3.0
1646411765,C,RSSI,75.0
1646411767,G,Temperature,22.9950008392334
1646411767,G,Humidity,33.237998962402344
1646411767,G,Pressure,101622.0
1646411767,G,Gas,1699.1839599609375
1646411767,G,Accelerometer,0.0
1646411767,G,Light,1456.0
1646411767,G,MIC,3.0
1646411767,G,RSSI,74.0
1646411768,E,Temperature,22.155000686645508
1646411768,E,Humidity,33.023998260498054
1646411768,E,Pressure,101601.0
1646411768,E,Gas,3124.631103515625
1646411768,E,Accelerometer,0.0
1646411768,E,Light,3739.0
1646411768,E,MIC,3.0
1646411768,E,RSSI,80.0
1646411769,A,Temperature,22.78499984741211
1646411769,A,Humidity,33.290000915527344
1646411769,A,Pressure,101597.0
1646411769,A,Gas,1344.571044921875
1646411769,A,Accelerometer,0.0
1646411769,A,Light,2170.0
1646411769,A,MIC,3.0
1646411769,A,RSSI,81.0
1646411771,H,Temperature,23.90500068664551
1646411771,H,Humidity,28.58300018310547
1646411771,H,Pressure,101606.0
1646411771,H,Gas,4560.08203125
1646411771,H,Accelerometer,0.0
1646411771,H,Light,3566.0
1646411771,H,MIC,3.0
1646411771,H,RSSI,87.0
1646411773,D,Temperature,21.9950008392334
1646411773,D,Humidity,33.590999603271484
1646411773,D,Pressure,101623.0
1646411773,D,Gas,2814.131103515625
1646411773,D,Accelerometer,0.0
1646411773,D,Light,222.0
1646411773,D,MIC,3.0
1646411773,D,RSSI,54.0
1646411775,E,Temperature,22.155000686645508
1646411775,E,Humidity,33.02899932861328
1646411775,E,Pressure,101599.0
1646411775,E,Gas,3107.93701171875
1646411775,E,Accelerometer,0.0
1646411775,E,Light,3729.0
1646411775,E,MIC,3.0
1646411775,E,RSSI,80.0
1646411775,F,Temperature,21.795000076293945
1646411775,F,Humidity,33.28499984741211
1646411775,F,Pressure,101643.0
1646411775,F,Gas,892.5120239257812
1646411775,F,Accelerometer,0.0
1646411775,F,Light,114.0
1646411775,F,MIC,3.0
1646411775,F,RSSI,73.0
1646411776,C,Temperature,22.84499931335449
1646411776,C,Humidity,33.32400131225586
1646411776,C,Pressure,101615.0
1646411776,C,Gas,1183.52197265625
1646411776,C,Accelerometer,0.0
1646411776,C,Light,1194.0
1646411776,C,MIC,3.0
1646411776,C,RSSI,75.0
1646411777,G,Temperature,22.98500061035156
1646411777,G,Humidity,33.272998809814446
1646411777,G,Pressure,101624.0
1646411777,G,Gas,1705.6820068359375
1646411777,G,Accelerometer,0.0
1646411777,G,Light,1452.0
1646411777,G,MIC,3.0
1646411777,G,RSSI,74.0
1646411780,A,Temperature,22.78499984741211
1646411780,A,Humidity,33.28799819946289
1646411780,A,Pressure,101597.0
1646411780,A,Gas,1344.9139404296875
1646411780,A,Accelerometer,0.0
1646411780,A,Light,2163.0
1646411780,A,MIC,3.0
1646411780,A,RSSI,81.0
1646411782,H,Temperature,23.915000915527344
1646411782,H,Humidity,28.62299919128418
1646411782,H,Pressure,101608.0
1646411782,H,Gas,4564.533203125
1646411782,H,Accelerometer,0.0
1646411782,H,Light,3569.0
1646411782,H,MIC,3.0
1646411782,H,RSSI,87.0
1646411783,D,Temperature,21.9950008392334
1646411783,D,Humidity,33.59000015258789
1646411783,D,Pressure,101621.0
1646411783,D,Gas,2792.9130859375
1646411783,D,Accelerometer,0.0
1646411783,D,Light,223.0
1646411783,D,MIC,3.0
1646411783,D,RSSI,54.0
1646411785,E,Temperature,22.145000457763672
1646411785,E,Humidity,33.048999786376946
1646411785,E,Pressure,101599.0
1646411785,E,Gas,3089.9580078125
1646411785,E,Accelerometer,0.0
1646411785,E,Light,3733.0
1646411785,E,MIC,3.0
1646411785,E,RSSI,80.0
1646411786,F,Temperature,21.80500030517578
1646411786,F,Humidity,33.27899932861328
1646411786,F,Pressure,101643.0
1646411786,F,Gas,888.0560302734375
1646411786,F,Accelerometer,0.0
1646411786,F,Light,114.0
1646411786,F,MIC,3.0
1646411786,F,RSSI,76.0
1646411786,C,Temperature,22.82500076293945
1646411786,C,Humidity,33.32199859619141
1646411786,C,Pressure,101615.0
1646411786,C,Gas,1170.5030517578125
1646411786,C,Accelerometer,0.0
1646411786,C,Light,1192.0
1646411786,C,MIC,3.0
1646411786,C,RSSI,66.0
1646411788,G,Temperature,22.98500061035156
1646411788,G,Humidity,33.28799819946289
1646411788,G,Pressure,101620.0
1646411788,G,Gas,1706.7840576171875
1646411788,G,Accelerometer,0.0
1646411788,G,Light,1451.0
1646411788,G,MIC,3.0
1646411788,G,RSSI,74.0
1646411790,A,Temperature,22.78499984741211
1646411790,A,Humidity,33.290000915527344
1646411790,A,Pressure,101597.0
1646411790,A,Gas,1337.092041015625
1646411790,A,Accelerometer,0.0
1646411790,A,Light,2173.0
1646411790,A,MIC,3.0
1646411790,A,RSSI,81.0
1646411791,H,Temperature,23.915000915527344
1646411791,H,Humidity,28.64299964904785
1646411791,H,Pressure,101608.0
1646411791,H,Gas,4571.06494140625
1646411791,H,Accelerometer,0.0
1646411791,H,Light,3564.0
1646411791,H,MIC,3.0
1646411791,H,RSSI,79.0
1646411793,D,Temperature,21.98500061035156
1646411793,D,Humidity,33.60699844360352
1646411793,D,Pressure,101621.0
1646411793,D,Gas,2810.958984375
1646411793,D,Accelerometer,0.0
1646411793,D,Light,226.0
1646411793,D,MIC,3.0
1646411793,D,RSSI,54.0
1646411795,E,Temperature,22.145000457763672
1646411795,E,Humidity,33.057998657226555
1646411795,E,Pressure,101597.0
1646411795,E,Gas,3078.576904296875
1646411795,E,Accelerometer,0.0
1646411795,E,Light,3740.0
1646411795,E,MIC,3.0
1646411795,E,RSSI,80.0
1646411795,F,Temperature,21.795000076293945
1646411795,F,Humidity,33.272998809814446
1646411795,F,Pressure,101643.0
1646411795,F,Gas,890.541015625
1646411795,F,Accelerometer,0.0
1646411795,F,Light,114.0
1646411795,F,MIC,3.0
1646411795,F,RSSI,76.0
1646411796,C,Temperature,22.795000076293945
1646411796,C,Humidity,33.360000610351555
1646411796,C,Pressure,101613.0
1646411796,C,Gas,1158.7679443359375
1646411796,C,Accelerometer,0.0
1646411796,C,Light,1192.0
1646411796,C,MIC,3.0
1646411796,C,RSSI,66.0
1646411798,G,Temperature,22.98500061035156
1646411798,G,Humidity,33.30500030517578
1646411798,G,Pressure,101620.0
1646411798,G,Gas,1720.7330322265625
1646411798,G,Accelerometer,0.0
1646411798,G,Light,1447.0
1646411798,G,MIC,3.0
1646411798,G,RSSI,70.0
1646411799,A,Temperature,22.78499984741211
1646411799,A,Humidity,33.26900100708008
1646411799,A,Pressure,101597.0
1646411799,A,Gas,1350.1510009765625
1646411799,A,Accelerometer,0.0
1646411799,A,Light,2167.0
1646411799,A,MIC,3.0
1646411799,A,RSSI,79.0
1646411801,H,Temperature,23.915000915527344
1646411801,H,Humidity,28.65500068664551
1646411801,H,Pressure,101606.0
1646411801,H,Gas,4597.701171875
1646411801,H,Accelerometer,0.0
1646411801,H,Light,3553.0
1646411801,H,MIC,3.0
1646411801,H,RSSI,79.0
1646411803,D,Temperature,21.98500061035156
1646411803,D,Humidity,33.615001678466804
1646411803,D,Pressure,101621.0
1646411803,D,Gas,2799.35693359375
1646411803,D,Accelerometer,0.0
1646411803,D,Light,229.0
1646411803,D,MIC,3.0
1646411803,D,RSSI,57.0
1646411805,E,Temperature,22.155000686645508
1646411805,E,Humidity,33.027999877929695
1646411805,E,Pressure,101599.0
1646411805,E,Gas,3076.804931640625
1646411805,E,Accelerometer,0.0
1646411805,E,Light,3741.0
1646411805,E,MIC,3.0
1646411805,E,RSSI,80.0
1646411806,F,Temperature,21.795000076293945
1646411806,F,Humidity,33.290000915527344
1646411806,F,Pressure,101638.0
1646411806,F,Gas,882.343017578125
1646411806,F,Accelerometer,0.0
1646411806,F,Light,114.0
1646411806,F,MIC,3.0
1646411806,F,RSSI,76.0
1646411807,C,Temperature,22.795000076293945
1646411807,C,Humidity,33.376998901367195
1646411807,C,Pressure,101611.0
1646411807,C,Gas,1146.739013671875
1646411807,C,Accelerometer,0.0
1646411807,C,Light,1197.0
1646411807,C,MIC,3.0
1646411807,C,RSSI,66.0
1646411808,G,Temperature,22.9950008392334
1646411808,G,Humidity,33.30500030517578
1646411808,G,Pressure,101622.0
1646411808,G,Gas,1746.8270263671875
1646411808,G,Accelerometer,0.0
1646411808,G,Light,1451.0
1646411808,G,MIC,3.0
1646411808,G,RSSI,70.0
1646411809,A,Temperature,22.774999618530273
1646411809,A,Humidity,33.290000915527344
1646411809,A,Pressure,101595.0
1646411809,A,Gas,1354.06396484375
1646411809,A,Accelerometer,0.0
1646411809,A,Light,2166.0
1646411809,A,MIC,3.0
1646411809,A,RSSI,79.0
1646411812,H,Temperature,23.92499923706055
1646411812,H,Humidity,28.607999801635746
1646411812,H,Pressure,101606.0
1646411812,H,Gas,4600.65185546875
1646411812,H,Accelerometer,0.0
1646411812,H,Light,3566.0
1646411812,H,MIC,3.0
1646411812,H,RSSI,79.0
1646411813,D,Temperature,21.98500061035156
1646411813,D,Humidity,33.60499954223633
1646411813,D,Pressure,101623.0
1646411813,D,Gas,2811.31298828125
1646411813,D,Accelerometer,0.0
1646411813,D,Light,231.0
1646411813,D,MIC,3.0
1646411813,D,RSSI,57.0
1646411815,E,Temperature,22.13500022888184
1646411815,E,Humidity,33.07899856567383
1646411815,E,Pressure,101599.0
1646411815,E,Gas,3077.452880859375
1646411815,E,Accelerometer,0.0
1646411815,E,Light,3736.0
1646411815,E,MIC,3.0
1646411815,E,RSSI,61.0
1646411815,C,Temperature,22.80500030517578
1646411815,C,Humidity,33.380001068115234
1646411815,C,Pressure,101615.0
1646411815,C,Gas,1154.3719482421875
1646411815,C,Accelerometer,0.0
1646411815,C,Light,1195.0
1646411815,C,MIC,3.0
1646411815,C,RSSI,66.0
1646411815,F,Temperature,21.795000076293945
1646411815,F,Humidity,33.27199935913086
1646411815,F,Pressure,101642.0
1646411815,F,Gas,887.27001953125
1646411815,F,Accelerometer,0.0
1646411815,F,Light,115.0
1646411815,F,MIC,3.0
1646411815,F,RSSI,76.0
1646411818,G,Temperature,22.98500061035156
1646411818,G,Humidity,33.30699920654297
1646411818,G,Pressure,101618.0
1646411818,G,Gas,1752.9720458984375
1646411818,G,Accelerometer,0.0
1646411818,G,Light,1441.0
1646411818,G,MIC,3.0
1646411818,G,RSSI,70.0
1646411819,A,Temperature,22.78499984741211
1646411819,A,Humidity,33.298999786376946
1646411819,A,Pressure,101597.0
1646411819,A,Gas,1360.6510009765625
1646411819,A,Accelerometer,0.0
1646411819,A,Light,2166.0
1646411819,A,MIC,3.0
1646411819,A,RSSI,79.0
1646411822,H,Temperature,23.915000915527344
1646411822,H,Humidity,28.68099975585937
1646411822,H,Pressure,101608.0
1646411822,H,Gas,4608.14697265625
1646411822,H,Accelerometer,0.0
1646411822,H,Light,3569.0
1646411822,H,MIC,3.0
1646411822,H,RSSI,79.0
1646411823,D,Temperature,21.9950008392334
1646411823,D,Humidity,33.61199951171875
1646411823,D,Pressure,101619.0
1646411823,D,Gas,2806.110107421875
1646411823,D,Accelerometer,0.0
1646411823,D,Light,234.0
1646411823,D,MIC,3.0
1646411823,D,RSSI,57.0
1646411825,E,Temperature,22.145000457763672
1646411825,E,Humidity,33.04700088500977
1646411825,E,Pressure,101599.0
1646411825,E,Gas,3070.080078125
1646411825,E,Accelerometer,0.0
1646411825,E,Light,3734.0
1646411825,E,MIC,3.0
1646411825,E,RSSI,61.0
1646411826,F,Temperature,21.795000076293945
1646411826,F,Humidity,33.29700088500977
1646411826,F,Pressure,101642.0
1646411826,F,Gas,879.885009765625
1646411826,F,Accelerometer,0.0
1646411826,F,Light,115.0
1646411826,F,MIC,3.0
1646411826,F,RSSI,76.0
1646411826,C,Temperature,22.80500030517578
1646411826,C,Humidity,33.35499954223633
1646411826,C,Pressure,101613.0
1646411826,C,Gas,1139.2049560546875
1646411826,C,Accelerometer,0.0
1646411826,C,Light,1193.0
1646411826,C,MIC,3.0
1646411826,C,RSSI,66.0
1646411828,G,Temperature,22.97500038146973
1646411828,G,Humidity,33.312999725341804
1646411828,G,Pressure,101620.0
1646411828,G,Gas,1736.947021484375
1646411828,G,Accelerometer,0.0
1646411828,G,Light,1450.0
1646411828,G,MIC,3.0
1646411828,G,RSSI,70.0
1646411830,A,Temperature,22.774999618530273
1646411830,A,Humidity,33.291000366210945
1646411830,A,Pressure,101595.0
1646411830,A,Gas,1356.0570068359375
1646411830,A,Accelerometer,0.0
1646411830,A,Light,2176.0
1646411830,A,MIC,3.0
1646411830,A,RSSI,79.0
1646411832,H,Temperature,23.90500068664551
1646411832,H,Humidity,28.722999572753906
1646411832,H,Pressure,101604.0
1646411832,H,Gas,4604.748046875
1646411832,H,Accelerometer,0.0
1646411832,H,Light,3575.0
1646411832,H,MIC,3.0
1646411832,H,RSSI,79.0
1646411833,D,Temperature,21.98500061035156
1646411833,D,Humidity,33.61600112915039
1646411833,D,Pressure,101621.0
1646411833,D,Gas,2791.906005859375
1646411833,D,Accelerometer,0.0
1646411833,D,Light,238.0
1646411833,D,MIC,3.0
1646411833,D,RSSI,57.0
1646411835,E,Temperature,22.13500022888184
1646411835,E,Humidity,33.069000244140625
1646411835,E,Pressure,101599.0
1646411835,E,Gas,3067.60009765625
1646411835,E,Accelerometer,0.0
1646411835,E,Light,3742.0
1646411835,E,MIC,3.0
1646411835,E,RSSI,61.0
1646411835,F,Temperature,21.795000076293945
1646411835,F,Humidity,33.277999877929695
1646411835,F,Pressure,101643.0
1646411835,F,Gas,871.7869873046875
1646411835,F,Accelerometer,0.0
1646411835,F,Light,116.0
1646411835,F,MIC,3.0
1646411835,F,RSSI,77.0
1646411836,C,Temperature,22.80500030517578
1646411836,C,Humidity,33.34999847412109
1646411836,C,Pressure,101615.0
1646411836,C,Gas,1130.115966796875
1646411836,C,Accelerometer,0.0
1646411836,C,Light,1199.0
1646411836,C,MIC,3.0
1646411836,C,RSSI,75.0
1646411837,G,Temperature,22.97500038146973
1646411837,G,Humidity,33.31800079345703
1646411837,G,Pressure,101622.0
1646411837,G,Gas,1738.779052734375
1646411837,G,Accelerometer,0.0
1646411837,G,Light,1447.0
1646411837,G,MIC,3.0
1646411837,G,RSSI,70.0
1646411840,A,Temperature,22.774999618530273
1646411840,A,Humidity,33.286998748779304
1646411840,A,Pressure,101595.0
1646411840,A,Gas,1351.22998046875
1646411840,A,Accelerometer,0.0
1646411840,A,Light,2171.0
1646411840,A,MIC,3.0
1646411840,A,RSSI,79.0
1646411842,H,Temperature,23.915000915527344
1646411842,H,Humidity,28.726999282836914
1646411842,H,Pressure,101604.0
1646411842,H,Gas,4597.2587890625
1646411842,H,Accelerometer,0.0
1646411842,H,Light,3578.0
1646411842,H,MIC,3.0
1646411842,H,RSSI,79.0
1646411843,D,Temperature,21.98500061035156
1646411843,D,Humidity,33.617000579833984
1646411843,D,Pressure,101623.0
1646411843,D,Gas,2779.091064453125
1646411843,D,Accelerometer,0.0
1646411843,D,Light,241.0
1646411843,D,MIC,3.0
1646411843,D,RSSI,57.0
1646411845,E,Temperature,22.13500022888184
1646411845,E,Humidity,33.06100082397461
1646411845,E,Pressure,101601.0
1646411845,E,Gas,3057.4970703125
1646411845,E,Accelerometer,0.0
1646411845,E,Light,3744.0
1646411845,E,MIC,3.0
1646411845,E,RSSI,61.0
1646411846,F,Temperature,21.795000076293945
1646411846,F,Humidity,33.28099822998047
1646411846,F,Pressure,101642.0
1646411846,F,Gas,868.593017578125
1646411846,F,Accelerometer,0.0
1646411846,F,Light,117.0
1646411846,F,MIC,3.0
1646411846,F,RSSI,77.0
1646411846,C,Temperature,22.82500076293945
1646411846,C,Humidity,33.320999145507805
1646411846,C,Pressure,101613.0
1646411846,C,Gas,1139.5479736328125
1646411846,C,Accelerometer,0.0
1646411846,C,Light,1195.0
1646411846,C,MIC,3.0
1646411846,C,RSSI,75.0
1646411847,G,Temperature,22.97500038146973
1646411847,G,Humidity,33.30699920654297
1646411847,G,Pressure,101622.0
1646411847,G,Gas,1723.52294921875
1646411847,G,Accelerometer,0.0
1646411847,G,Light,1453.0
1646411847,G,MIC,3.0
1646411847,G,RSSI,70.0
1646411850,A,Temperature,22.774999618530273
1646411850,A,Humidity,33.26900100708008
1646411850,A,Pressure,101595.0
1646411850,A,Gas,1352.126953125
1646411850,A,Accelerometer,0.0
1646411850,A,Light,2177.0
1646411850,A,MIC,3.0
1646411850,A,RSSI,77.0
1646411852,H,Temperature,23.92499923706055
1646411852,H,Humidity,28.70000076293945
1646411852,H,Pressure,101608.0
1646411852,H,Gas,4601.44921875
1646411852,H,Accelerometer,0.0
1646411852,H,Light,3573.0
1646411852,H,MIC,3.0
1646411852,H,RSSI,79.0
1646411854,D,Temperature,21.975000381469727
1646411854,D,Humidity,33.62200164794922
1646411854,D,Pressure,101621.0
1646411854,D,Gas,2765.2080078125
1646411854,D,Accelerometer,0.0
1646411854,D,Light,245.0
1646411854,D,MIC,3.0
1646411854,D,RSSI,53.0
1646411855,E,Temperature,22.13500022888184
1646411855,E,Humidity,33.06100082397461
1646411855,E,Pressure,101599.0
1646411855,E,Gas,3042.5458984375
1646411855,E,Accelerometer,0.0
1646411855,E,Light,3743.0
1646411855,E,MIC,3.0
1646411855,E,RSSI,61.0
1646411855,F,Temperature,21.795000076293945
1646411855,F,Humidity,33.286998748779304
1646411855,F,Pressure,101642.0
1646411855,F,Gas,866.8159790039062
1646411855,F,Accelerometer,0.0
1646411855,F,Light,117.0
1646411855,F,MIC,3.0
1646411855,F,RSSI,77.0
1646411856,C,Temperature,22.815000534057607
1646411856,C,Humidity,33.338001251220696
1646411856,C,Pressure,101613.0
1646411856,C,Gas,1134.029052734375
1646411856,C,Accelerometer,0.0
1646411856,C,Light,1195.0
1646411856,C,MIC,3.0
1646411856,C,RSSI,75.0
1646411858,G,Temperature,22.96500015258789
1646411858,G,Humidity,33.340999603271484
1646411858,G,Pressure,101622.0
1646411858,G,Gas,1722.991943359375
1646411858,G,Accelerometer,0.0
1646411858,G,Light,1455.0
1646411858,G,MIC,3.0
1646411858,G,RSSI,70.0
1646411860,A,Temperature,22.774999618530273
1646411860,A,Humidity,33.26300048828125
1646411860,A,Pressure,101597.0
1646411860,A,Gas,1361.4599609375
1646411860,A,Accelerometer,0.0
1646411860,A,Light,2170.0
1646411860,A,MIC,3.0
1646411860,A,RSSI,77.0
1646411862,H,Temperature,23.92499923706055
1646411862,H,Humidity,28.69899940490723
1646411862,H,Pressure,101606.0
1646411862,H,Gas,4600.27001953125
1646411862,H,Accelerometer,0.0
1646411862,H,Light,3578.0
1646411862,H,MIC,3.0
1646411862,H,RSSI,79.0
1646411864,D,Temperature,21.98500061035156
1646411864,D,Humidity,33.61899948120117
1646411864,D,Pressure,101623.0
1646411864,D,Gas,2761.48388671875
1646411864,D,Accelerometer,0.0
1646411864,D,Light,248.0
1646411864,D,MIC,3.0
1646411864,D,RSSI,53.0
1646411865,E,Temperature,22.13500022888184
1646411865,E,Humidity,33.06399917602539
1646411865,E,Pressure,101599.0
1646411865,E,Gas,3024.445068359375
1646411865,E,Accelerometer,0.0
1646411865,E,Light,3751.0
1646411865,E,MIC,3.0
1646411865,E,RSSI,60.0
1646411865,F,Temperature,21.795000076293945
1646411865,F,Humidity,33.27899932861328
1646411865,F,Pressure,101640.0
1646411865,F,Gas,871.3330078125
1646411865,F,Accelerometer,0.0
1646411865,F,Light,117.0
1646411865,F,MIC,3.0
1646411865,F,RSSI,77.0
1646411866,C,Temperature,22.815000534057607
1646411866,C,Humidity,33.31999969482422
1646411866,C,Pressure,101613.0
1646411866,C,Gas,1136.27099609375
1646411866,C,Accelerometer,0.0
1646411866,C,Light,1191.0
1646411866,C,MIC,3.0
1646411866,C,RSSI,75.0
1646411868,G,Temperature,22.96500015258789
1646411868,G,Humidity,33.34400177001953
1646411868,G,Pressure,101622.0
1646411868,G,Gas,1725.7760009765625
1646411868,G,Accelerometer,0.0
1646411868,G,Light,1454.0
1646411868,G,MIC,3.0
1646411868,G,RSSI,70.0
1646411869,A,Temperature,22.774999618530273
1646411869,A,Humidity,33.266998291015625
1646411869,A,Pressure,101595.0
1646411869,A,Gas,1361.404052734375
1646411869,A,Accelerometer,0.0
1646411869,A,Light,2175.0
1646411869,A,MIC,3.0
1646411869,A,RSSI,77.0
1646411870,B,Temperature,22.95499992370605
1646411870,B,Humidity,32.29700088500977
1646411870,B,Pressure,101550.0
1646411870,B,Gas,4764.0029296875
1646411870,B,Accelerometer,0.0
1646411870,B,Light,631.0
1646411870,B,MIC,3.0
1646411870,B,RSSI,90.0
1646411872,H,Temperature,23.90500068664551
1646411872,H,Humidity,28.702999114990234
1646411872,H,Pressure,101606.0
1646411872,H,Gas,4580.087890625
1646411872,H,Accelerometer,0.0
1646411872,H,Light,3578.0
1646411872,H,MIC,3.0
1646411872,H,RSSI,79.0
1646411874,D,Temperature,21.9950008392334
1646411874,D,Humidity,33.59400177001953
1646411874,D,Pressure,101623.0
1646411874,D,Gas,2738.16796875
1646411874,D,Accelerometer,0.0
1646411874,D,Light,251.0
1646411874,D,MIC,3.0
1646411874,D,RSSI,53.0
1646411875,E,Temperature,22.145000457763672
1646411875,E,Humidity,33.06399917602539
1646411875,E,Pressure,101599.0
1646411875,E,Gas,3022.635009765625
1646411875,E,Accelerometer,0.0
1646411875,E,Light,3754.0
1646411875,E,MIC,3.0
1646411875,E,RSSI,60.0
1646411875,F,Temperature,21.795000076293945
1646411875,F,Humidity,33.28900146484375
1646411875,F,Pressure,101643.0
1646411875,F,Gas,876.3980102539062
1646411875,F,Accelerometer,0.0
1646411875,F,Light,119.0
1646411875,F,MIC,3.0
1646411875,F,RSSI,77.0
1646411877,C,Temperature,22.795000076293945
1646411877,C,Humidity,33.332000732421875
1646411877,C,Pressure,101611.0
1646411877,C,Gas,1141.490966796875
1646411877,C,Accelerometer,0.0
1646411877,C,Light,1194.0
1646411877,C,MIC,3.0
1646411877,C,RSSI,75.0
1646411879,G,Temperature,22.95499992370605
1646411879,G,Humidity,33.35300064086914
1646411879,G,Pressure,101622.0
1646411879,G,Gas,1719.1719970703125
1646411879,G,Accelerometer,0.0
1646411879,G,Light,1445.0
1646411879,G,MIC,3.0
1646411879,G,RSSI,70.0
1646411880,A,Temperature,22.774999618530273
1646411880,A,Humidity,33.27000045776367
1646411880,A,Pressure,101595.0
1646411880,A,Gas,1362.83203125
1646411880,A,Accelerometer,0.0
1646411880,A,Light,2179.0
1646411880,A,MIC,3.0
1646411880,A,RSSI,77.0
1646411880,B,Temperature,22.96500015258789
1646411880,B,Humidity,32.304000854492195
1646411880,B,Pressure,101552.0
1646411880,B,Gas,4776.60205078125
1646411880,B,Accelerometer,0.0
1646411880,B,Light,631.0
1646411880,B,MIC,3.0
1646411880,B,RSSI,89.0
1646411884,D,Temperature,21.98500061035156
1646411884,D,Humidity,33.61600112915039
1646411884,D,Pressure,101623.0
1646411884,D,Gas,2730.179931640625
1646411884,D,Accelerometer,0.0
1646411884,D,Light,256.0
1646411884,D,MIC,3.0
1646411884,D,RSSI,53.0
1646411885,E,Temperature,22.145000457763672
1646411885,E,Humidity,33.060001373291016
1646411885,E,Pressure,101599.0
1646411885,E,Gas,3018.073974609375
1646411885,E,Accelerometer,0.0
1646411885,E,Light,3750.0
1646411885,E,MIC,3.0
1646411885,E,RSSI,60.0
1646411885,F,Temperature,21.795000076293945
1646411885,F,Humidity,33.294998168945305
1646411885,F,Pressure,101640.0
1646411885,F,Gas,860.5999755859375
1646411885,F,Accelerometer,0.0
1646411885,F,Light,118.0
1646411885,F,MIC,3.0
1646411885,F,RSSI,78.0
1646411886,C,Temperature,22.80500030517578
1646411886,C,Humidity,33.330001831054695
1646411886,C,Pressure,101615.0
1646411886,C,Gas,1122.4329833984377
1646411886,C,Accelerometer,0.0
1646411886,C,Light,1192.0
1646411886,C,MIC,3.0
1646411886,C,RSSI,66.0
1646411886,H,Temperature,23.90500068664551
1646411886,H,Humidity,28.697999954223643
1646411886,H,Pressure,101606.0
1646411886,H,Gas,4577.6689453125
1646411886,H,Accelerometer,0.0
1646411886,H,Light,3577.0
1646411886,H,MIC,3.0
1646411886,H,RSSI,79.0
1646411888,G,Temperature,22.95499992370605
1646411888,G,Humidity,33.34600067138672
1646411888,G,Pressure,101622.0
1646411888,G,Gas,1701.6639404296875
1646411888,G,Accelerometer,0.0
1646411888,G,Light,1445.0
1646411888,G,MIC,3.0
1646411888,G,RSSI,70.0
1646411890,A,Temperature,22.774999618530273
1646411890,A,Humidity,33.26300048828125
1646411890,A,Pressure,101597.0
1646411890,A,Gas,1363.14794921875
1646411890,A,Accelerometer,0.0
1646411890,A,Light,2176.0
1646411890,A,MIC,3.0
1646411890,A,RSSI,77.0
1646411892,H,Temperature,23.915000915527344
1646411892,H,Humidity,28.683000564575195
1646411892,H,Pressure,101608.0
1646411892,H,Gas,4580.8408203125
1646411892,H,Accelerometer,0.0
1646411892,H,Light,3582.0
1646411892,H,MIC,3.0
1646411892,H,RSSI,79.0
1646411893,B,Temperature,22.96500015258789
1646411893,B,Humidity,32.31399917602539
1646411893,B,Pressure,101554.0
1646411893,B,Gas,4784.3740234375
1646411893,B,Accelerometer,0.0
1646411893,B,Light,632.0
1646411893,B,MIC,3.0
1646411893,B,RSSI,89.0
1646411894,D,Temperature,21.98500061035156
1646411894,D,Humidity,33.617000579833984
1646411894,D,Pressure,101623.0
1646411894,D,Gas,2725.93505859375
1646411894,D,Accelerometer,0.0
1646411894,D,Light,259.0
1646411894,D,MIC,3.0
1646411894,D,RSSI,53.0
1646411895,E,Temperature,22.145000457763672
1646411895,E,Humidity,33.076000213623054
1646411895,E,Pressure,101599.0
1646411895,E,Gas,3013.363037109375
1646411895,E,Accelerometer,0.0
1646411895,E,Light,3753.0
1646411895,E,MIC,3.0
1646411895,E,RSSI,60.0
1646411896,F,Temperature,21.795000076293945
1646411896,F,Humidity,33.286998748779304
1646411896,F,Pressure,101643.0
1646411896,F,Gas,852.4180297851562
1646411896,F,Accelerometer,0.0
1646411896,F,Light,119.0
1646411896,F,MIC,3.0
1646411896,F,RSSI,78.0
1646411896,C,Temperature,22.80500030517578
1646411896,C,Humidity,33.3489990234375
1646411896,C,Pressure,101615.0
1646411896,C,Gas,1121.2430419921877
1646411896,C,Accelerometer,0.0
1646411896,C,Light,1194.0
1646411896,C,MIC,3.0
1646411896,C,RSSI,66.0
1646411898,G,Temperature,22.96500015258789
1646411898,G,Humidity,33.294998168945305
1646411898,G,Pressure,101620.0
1646411898,G,Gas,1690.5870361328125
1646411898,G,Accelerometer,0.0
1646411898,G,Light,1445.0
1646411898,G,MIC,3.0
1646411898,G,RSSI,76.0
1646411900,B,Temperature,22.95499992370605
1646411900,B,Humidity,32.319000244140625
1646411900,B,Pressure,101550.0
1646411900,B,Gas,4785.43603515625
1646411900,B,Accelerometer,0.0
1646411900,B,Light,634.0
1646411900,B,MIC,3.0
1646411900,B,RSSI,89.0
1646411900,A,Temperature,22.774999618530273
1646411900,A,Humidity,33.28400039672852
1646411900,A,Pressure,101595.0
1646411900,A,Gas,1361.6199951171875
1646411900,A,Accelerometer,0.0
1646411900,A,Light,2174.0
1646411900,A,MIC,3.0
1646411900,A,RSSI,77.0
1646411904,D,Temperature,21.98500061035156
1646411904,D,Humidity,33.61600112915039
1646411904,D,Pressure,101621.0
1646411904,D,Gas,2719.595947265625
1646411904,D,Accelerometer,0.0
1646411904,D,Light,263.0
1646411904,D,MIC,3.0
1646411904,D,RSSI,72.0
1646411906,E,Temperature,22.155000686645508
1646411906,E,Humidity,33.04600143432617
1646411906,E,Pressure,101599.0
1646411906,E,Gas,3001.096923828125
1646411906,E,Accelerometer,0.0
1646411906,E,Light,3754.0
1646411906,E,MIC,3.0
1646411906,E,RSSI,60.0
1646411906,F,Temperature,21.795000076293945
1646411906,F,Humidity,33.292999267578125
1646411906,F,Pressure,101642.0
1646411906,F,Gas,870.625
1646411906,F,Accelerometer,0.0
1646411906,F,Light,119.0
1646411906,F,MIC,3.0
1646411906,F,RSSI,78.0
1646411906,C,Temperature,22.80500030517578
1646411906,C,Humidity,33.323001861572266
1646411906,C,Pressure,101615.0
1646411906,C,Gas,1130.35400390625
1646411906,C,Accelerometer,0.0
1646411906,C,Light,1194.0
1646411906,C,MIC,3.0
1646411906,C,RSSI,66.0
1646411908,G,Temperature,22.96500015258789
1646411908,G,Humidity,33.29800033569336
1646411908,G,Pressure,101620.0
1646411908,G,Gas,1696.991943359375
1646411908,G,Accelerometer,0.0
1646411908,G,Light,1453.0
1646411908,G,MIC,3.0
1646411908,G,RSSI,76.0
1646411910,B,Temperature,22.95499992370605
1646411910,B,Humidity,32.316001892089844
1646411910,B,Pressure,101552.0
1646411910,B,Gas,4790.85595703125
1646411910,B,Accelerometer,0.0
1646411910,B,Light,641.0
1646411910,B,MIC,3.0
1646411910,B,RSSI,89.0
1646411910,A,Temperature,22.774999618530273
1646411910,A,Humidity,33.275001525878906
1646411910,A,Pressure,101597.0
1646411910,A,Gas,1356.550048828125
1646411910,A,Accelerometer,0.0
1646411910,A,Light,2172.0
1646411910,A,MIC,3.0
1646411910,A,RSSI,77.0
1646411912,H,Temperature,23.92499923706055
1646411912,H,Humidity,28.618000030517567
1646411912,H,Pressure,101606.0
1646411912,H,Gas,4574.9228515625
1646411912,H,Accelerometer,0.0
1646411912,H,Light,3576.0
1646411912,H,MIC,3.0
1646411912,H,RSSI,79.0
1646411914,D,Temperature,21.98500061035156
1646411914,D,Humidity,33.625
1646411914,D,Pressure,101619.0
1646411914,D,Gas,2721.22998046875
1646411914,D,Accelerometer,0.0
1646411914,D,Light,267.0
1646411914,D,MIC,3.0
1646411914,D,RSSI,72.0
1646411915,E,Temperature,22.145000457763672
1646411915,E,Humidity,33.06999969482422
1646411915,E,Pressure,101599.0
1646411915,E,Gas,2992.60009765625
1646411915,E,Accelerometer,0.0
1646411915,E,Light,3758.0
1646411915,E,MIC,3.0
1646411915,E,RSSI,58.0
1646411916,F,Temperature,21.795000076293945
1646411916,F,Humidity,33.312000274658196
1646411916,F,Pressure,101642.0
1646411916,F,Gas,871.1890258789062
1646411916,F,Accelerometer,0.0
1646411916,F,Light,120.0
1646411916,F,MIC,3.0
1646411916,F,RSSI,78.0
1646411916,C,Temperature,22.78499984741211
1646411916,C,Humidity,33.327999114990234
1646411916,C,Pressure,101613.0
1646411916,C,Gas,1126.68994140625
1646411916,C,Accelerometer,0.0
1646411916,C,Light,1198.0
1646411916,C,MIC,3.0
1646411916,C,RSSI,66.0
1646411918,G,Temperature,22.97500038146973
1646411918,G,Humidity,33.320999145507805
1646411918,G,Pressure,101622.0
1646411918,G,Gas,1704.9019775390625
1646411918,G,Accelerometer,0.0
1646411918,G,Light,1440.0
1646411918,G,MIC,3.0
1646411918,G,RSSI,76.0
1646411920,A,Temperature,22.774999618530273
1646411920,A,Humidity,33.270999908447266
1646411920,A,Pressure,101595.0
1646411920,A,Gas,1363.866943359375
1646411920,A,Accelerometer,0.0
1646411920,A,Light,2173.0
1646411920,A,MIC,3.0
1646411920,A,RSSI,77.0
1646411920,B,Temperature,22.94499969482422
1646411920,B,Humidity,32.35400009155273
1646411920,B,Pressure,101552.0
1646411920,B,Gas,4780.9912109375
1646411920,B,Accelerometer,0.0
1646411920,B,Light,638.0
1646411920,B,MIC,3.0
1646411920,B,RSSI,89.0
1646411923,H,Temperature,23.92499923706055
1646411923,H,Humidity,28.63599967956543
1646411923,H,Pressure,101606.0
1646411923,H,Gas,4560.53076171875
1646411923,H,Accelerometer,0.0
1646411923,H,Light,3576.0
1646411923,H,MIC,3.0
1646411923,H,RSSI,79.0
1646411924,D,Temperature,21.975000381469727
1646411924,D,Humidity,33.634998321533196
1646411924,D,Pressure,101621.0
1646411924,D,Gas,2705.535888671875
1646411924,D,Accelerometer,0.0
1646411924,D,Light,271.0
1646411924,D,MIC,3.0
1646411924,D,RSSI,72.0
1646411925,E,Temperature,22.145000457763672
1646411925,E,Humidity,33.057998657226555
1646411925,E,Pressure,101599.0
1646411925,E,Gas,2978.008056640625
1646411925,E,Accelerometer,0.0
1646411925,E,Light,3762.0
1646411925,E,MIC,3.0
1646411925,E,RSSI,58.0
1646411926,F,Temperature,21.80500030517578
1646411926,F,Humidity,33.28900146484375
1646411926,F,Pressure,101643.0
1646411926,F,Gas,866.75
1646411926,F,Accelerometer,0.0
1646411926,F,Light,121.0
1646411926,F,MIC,3.0
1646411926,F,RSSI,78.0
1646411926,C,Temperature,22.76499938964844
1646411926,C,Humidity,33.326000213623054
1646411926,C,Pressure,101613.0
1646411926,C,Gas,1117.20703125
1646411926,C,Accelerometer,0.0
1646411926,C,Light,1198.0
1646411926,C,MIC,3.0
1646411926,C,RSSI,66.0
1646411928,G,Temperature,22.97500038146973
1646411928,G,Humidity,33.35900115966797
1646411928,G,Pressure,101622.0
1646411928,G,Gas,1707.364990234375
1646411928,G,Accelerometer,0.0
1646411928,G,Light,1451.0
1646411928,G,MIC,3.0
1646411928,G,RSSI,76.0
1646411931,A,Temperature,22.774999618530273
1646411931,A,Humidity,33.272998809814446
1646411931,A,Pressure,101597.0
1646411931,A,Gas,1353.2779541015625
1646411931,A,Accelerometer,0.0
1646411931,A,Light,2172.0
1646411931,A,MIC,3.0
1646411931,A,RSSI,77.0
1646411932,H,Temperature,23.915000915527344
1646411932,H,Humidity,28.621999740600586
1646411932,H,Pressure,101608.0
1646411932,H,Gas,4535.89208984375
1646411932,H,Accelerometer,0.0
1646411932,H,Light,3581.0
1646411932,H,MIC,3.0
1646411932,H,RSSI,79.0
1646411933,B,Temperature,22.95499992370605
1646411933,B,Humidity,32.326000213623054
1646411933,B,Pressure,101550.0
1646411933,B,Gas,4774.05517578125
1646411933,B,Accelerometer,0.0
1646411933,B,Light,642.0
1646411933,B,MIC,3.0
1646411933,B,RSSI,92.0
1646411934,D,Temperature,21.975000381469727
1646411934,D,Humidity,33.63100051879883
1646411934,D,Pressure,101621.0
1646411934,D,Gas,2708.27587890625
1646411934,D,Accelerometer,0.0
1646411934,D,Light,276.0
1646411934,D,MIC,3.0
1646411934,D,RSSI,72.0
1646411935,E,Temperature,22.145000457763672
1646411935,E,Humidity,33.05599975585937
1646411935,E,Pressure,101599.0
1646411935,E,Gas,2976.09912109375
1646411935,E,Accelerometer,0.0
1646411935,E,Light,3761.0
1646411935,E,MIC,3.0
1646411935,E,RSSI,58.0
1646411936,F,Temperature,21.80500030517578
1646411936,F,Humidity,33.29600143432617
1646411936,F,Pressure,101642.0
1646411936,F,Gas,859.2210083007812
1646411936,F,Accelerometer,0.0
1646411936,F,Light,122.0
1646411936,F,MIC,3.0
1646411936,F,RSSI,76.0
1646411936,C,Temperature,22.76499938964844
1646411936,C,Humidity,33.360000610351555
1646411936,C,Pressure,101613.0
1646411936,C,Gas,1110.1610107421877
1646411936,C,Accelerometer,0.0
1646411936,C,Light,1204.0
1646411936,C,MIC,3.0
1646411936,C,RSSI,77.0
1646411938,G,Temperature,22.97500038146973
1646411938,G,Humidity,33.36999893188477
1646411938,G,Pressure,101622.0
1646411938,G,Gas,1718.281005859375
1646411938,G,Accelerometer,0.0
1646411938,G,Light,1445.0
1646411938,G,MIC,3.0
1646411938,G,RSSI,76.0
1646411940,A,Temperature,22.774999618530273
1646411940,A,Humidity,33.28799819946289
1646411940,A,Pressure,101595.0
1646411940,A,Gas,1337.0870361328125
1646411940,A,Accelerometer,0.0
1646411940,A,Light,2185.0
1646411940,A,MIC,3.0
1646411940,A,RSSI,77.0
1646411940,B,Temperature,22.95499992370605
1646411940,B,Humidity,32.339000701904304
1646411940,B,Pressure,101550.0
1646411940,B,Gas,4768.0439453125
1646411940,B,Accelerometer,0.0
1646411940,B,Light,639.0
1646411940,B,MIC,3.0
1646411940,B,RSSI,92.0
1646411942,H,Temperature,23.895000457763672
1646411942,H,Humidity,28.61599922180176
1646411942,H,Pressure,101608.0
1646411942,H,Gas,4521.6162109375
1646411942,H,Accelerometer,0.0
1646411942,H,Light,3585.0
1646411942,H,MIC,3.0
1646411942,H,RSSI,87.0
1646411944,D,Temperature,21.98500061035156
1646411944,D,Humidity,33.630001068115234
1646411944,D,Pressure,101619.0
1646411944,D,Gas,2697.93603515625
1646411944,D,Accelerometer,0.0
1646411944,D,Light,281.0
1646411944,D,MIC,3.0
1646411944,D,RSSI,72.0
1646411945,E,Temperature,22.13500022888184
1646411945,E,Humidity,33.082000732421875
1646411945,E,Pressure,101599.0
1646411945,E,Gas,2967.783935546875
1646411945,E,Accelerometer,0.0
1646411945,E,Light,3765.0
1646411945,E,MIC,3.0
1646411945,E,RSSI,58.0
1646411946,F,Temperature,21.80500030517578
1646411946,F,Humidity,33.290000915527344
1646411946,F,Pressure,101640.0
1646411946,F,Gas,873.8790283203125
1646411946,F,Accelerometer,0.0
1646411946,F,Light,123.0
1646411946,F,MIC,3.0
1646411946,F,RSSI,76.0
1646411946,C,Temperature,22.774999618530273
1646411946,C,Humidity,33.38199996948242
1646411946,C,Pressure,101611.0
1646411946,C,Gas,1112.39697265625
1646411946,C,Accelerometer,0.0
1646411946,C,Light,1201.0
1646411946,C,MIC,3.0
1646411946,C,RSSI,77.0
1646411948,G,Temperature,22.96500015258789
1646411948,G,Humidity,33.387001037597656
1646411948,G,Pressure,101620.0
1646411948,G,Gas,1729.7889404296875
1646411948,G,Accelerometer,0.0
1646411948,G,Light,1451.0
1646411948,G,MIC,3.0
1646411948,G,RSSI,76.0
1646411950,A,Temperature,22.78499984741211
1646411950,A,Humidity,33.25899887084961
1646411950,A,Pressure,101599.0
1646411950,A,Gas,1334.053955078125
1646411950,A,Accelerometer,0.0
1646411950,A,Light,2179.0
1646411950,A,MIC,3.0
1646411950,A,RSSI,78.0
1646411950,B,Temperature,22.96500015258789
1646411950,B,Humidity,32.31399917602539
1646411950,B,Pressure,101550.0
1646411950,B,Gas,4762.2490234375
1646411950,B,Accelerometer,0.0
1646411950,B,Light,636.0
1646411950,B,MIC,3.0
1646411950,B,RSSI,92.0
1646411952,H,Temperature,23.88500022888184
1646411952,H,Humidity,28.670000076293945
1646411952,H,Pressure,101608.0
1646411952,H,Gas,4522.9619140625
1646411952,H,Accelerometer,0.0
1646411952,H,Light,3586.0
1646411952,H,MIC,3.0
1646411952,H,RSSI,87.0
1646411954,D,Temperature,21.98500061035156
1646411954,D,Humidity,33.638999938964844
1646411954,D,Pressure,101619.0
1646411954,D,Gas,2695.450927734375
1646411954,D,Accelerometer,0.0
1646411954,D,Light,285.0
1646411954,D,MIC,3.0
1646411954,D,RSSI,54.0
1646411955,E,Temperature,22.13500022888184
1646411955,E,Humidity,33.088001251220696
1646411955,E,Pressure,101601.0
1646411955,E,Gas,2958.68994140625
1646411955,E,Accelerometer,0.0
1646411955,E,Light,3771.0
1646411955,E,MIC,3.0
1646411955,E,RSSI,58.0
1646411956,F,Temperature,21.80500030517578
1646411956,F,Humidity,33.29399871826172
1646411956,F,Pressure,101642.0
1646411956,F,Gas,888.9030151367188
1646411956,F,Accelerometer,0.0
1646411956,F,Light,123.0
1646411956,F,MIC,3.0
1646411956,F,RSSI,76.0
1646411956,C,Temperature,22.774999618530273
1646411956,C,Humidity,33.37200164794922
1646411956,C,Pressure,101613.0
1646411956,C,Gas,1130.885009765625
1646411956,C,Accelerometer,0.0
1646411956,C,Light,1201.0
1646411956,C,MIC,3.0
1646411956,C,RSSI,77.0
1646411958,G,Temperature,22.97500038146973
1646411958,G,Humidity,33.38199996948242
1646411958,G,Pressure,101622.0
1646411958,G,Gas,1750.093017578125
1646411958,G,Accelerometer,0.0
1646411958,G,Light,1445.0
1646411958,G,MIC,3.0
1646411958,G,RSSI,76.0
1646411960,A,Temperature,22.774999618530273
1646411960,A,Humidity,33.28400039672852
1646411960,A,Pressure,101595.0
1646411960,A,Gas,1336.1400146484375
1646411960,A,Accelerometer,0.0
1646411960,A,Light,2175.0
1646411960,A,MIC,3.0
1646411960,A,RSSI,78.0
1646411960,B,Temperature,22.95499992370605
1646411960,B,Humidity,32.323001861572266
1646411960,B,Pressure,101550.0
1646411960,B,Gas,4755.05810546875
1646411960,B,Accelerometer,0.0
1646411960,B,Light,642.0
1646411960,B,MIC,3.0
1646411960,B,RSSI,92.0
1646411962,H,Temperature,23.88500022888184
1646411962,H,Humidity,28.6560001373291
1646411962,H,Pressure,101604.0
1646411962,H,Gas,4511.94580078125
1646411962,H,Accelerometer,0.0
1646411962,H,Light,3581.0
1646411962,H,MIC,3.0
1646411962,H,RSSI,87.0
1646411964,D,Temperature,21.98500061035156
1646411964,D,Humidity,33.617000579833984
1646411964,D,Pressure,101621.0
1646411964,D,Gas,2696.10400390625
1646411964,D,Accelerometer,0.0
1646411964,D,Light,289.0
1646411964,D,MIC,3.0
1646411964,D,RSSI,54.0
1646411965,E,Temperature,22.13500022888184
1646411965,E,Humidity,33.080001831054695
1646411965,E,Pressure,101599.0
1646411965,E,Gas,2965.719970703125
1646411965,E,Accelerometer,0.0
1646411965,E,Light,3773.0
1646411965,E,MIC,3.0
1646411965,E,RSSI,74.0
1646411966,F,Temperature,21.80500030517578
1646411966,F,Humidity,33.294998168945305
1646411966,F,Pressure,101642.0
1646411966,F,Gas,883.698974609375
1646411966,F,Accelerometer,0.0
1646411966,F,Light,123.0
1646411966,F,MIC,3.0
1646411966,F,RSSI,76.0
1646411967,C,Temperature,22.76499938964844
1646411967,C,Humidity,33.395999908447266
1646411967,C,Pressure,101613.0
1646411967,C,Gas,1144.6689453125
1646411967,C,Accelerometer,0.0
1646411967,C,Light,1204.0
1646411967,C,MIC,3.0
1646411967,C,RSSI,77.0
1646411968,G,Temperature,22.95499992370605
1646411968,G,Humidity,33.362998962402344
1646411968,G,Pressure,101620.0
1646411968,G,Gas,1733.2049560546875
1646411968,G,Accelerometer,0.0
1646411968,G,Light,1453.0
1646411968,G,MIC,3.0
1646411968,G,RSSI,76.0
1646411970,B,Temperature,22.95499992370605
1646411970,B,Humidity,32.334999084472656
1646411970,B,Pressure,101552.0
1646411970,B,Gas,4761.14697265625
1646411970,B,Accelerometer,0.0
1646411970,B,Light,642.0
1646411970,B,MIC,3.0
1646411970,B,RSSI,92.0
1646411970,A,Temperature,22.774999618530273
1646411970,A,Humidity,33.279998779296875
1646411970,A,Pressure,101595.0
1646411970,A,Gas,1330.98095703125
1646411970,A,Accelerometer,0.0
1646411970,A,Light,2173.0
1646411970,A,MIC,3.0
1646411970,A,RSSI,78.0
1646411972,H,Temperature,23.895000457763672
1646411972,H,Humidity,28.65399932861328
1646411972,H,Pressure,101604.0
1646411972,H,Gas,4502.8291015625
1646411972,H,Accelerometer,0.0
1646411972,H,Light,3572.0
1646411972,H,MIC,3.0
1646411972,H,RSSI,87.0
1646411974,D,Temperature,21.96500015258789
1646411974,D,Humidity,33.66699981689453
1646411974,D,Pressure,101623.0
1646411974,D,Gas,2694.636962890625
1646411974,D,Accelerometer,0.0
1646411974,D,Light,293.0
1646411974,D,MIC,3.0
1646411974,D,RSSI,54.0
1646411975,E,Temperature,22.13500022888184
1646411975,E,Humidity,33.08700180053711
1646411975,E,Pressure,101599.0
1646411975,E,Gas,2948.802978515625
1646411975,E,Accelerometer,0.0
1646411975,E,Light,3765.0
1646411975,E,MIC,3.0
1646411975,E,RSSI,74.0
1646411976,F,Temperature,21.80500030517578
1646411976,F,Humidity,33.28200149536133
1646411976,F,Pressure,101643.0
1646411976,F,Gas,879.5969848632812
1646411976,F,Accelerometer,0.0
1646411976,F,Light,124.0
1646411976,F,MIC,3.0
1646411976,F,RSSI,76.0
1646411976,C,Temperature,22.7549991607666
1646411976,C,Humidity,33.416000366210945
1646411976,C,Pressure,101613.0
1646411976,C,Gas,1138.64599609375
1646411976,C,Accelerometer,0.0
1646411976,C,Light,1202.0
1646411976,C,MIC,3.0
1646411976,C,RSSI,77.0
1646411978,G,Temperature,22.96500015258789
1646411978,G,Humidity,33.36100006103516
1646411978,G,Pressure,101618.0
1646411978,G,Gas,1728.0069580078125
1646411978,G,Accelerometer,0.0
1646411978,G,Light,1448.0
1646411978,G,MIC,3.0
1646411978,G,RSSI,76.0
1646411980,B,Temperature,22.95499992370605
1646411980,B,Humidity,32.326000213623054
1646411980,B,Pressure,101552.0
1646411980,B,Gas,4755.64501953125
1646411980,B,Accelerometer,0.0
1646411980,B,Light,646.0
1646411980,B,MIC,3.0
1646411980,B,RSSI,91.0
1646411980,A,Temperature,22.774999618530273
1646411980,A,Humidity,33.2760009765625
1646411980,A,Pressure,101595.0
1646411980,A,Gas,1328.612060546875
1646411980,A,Accelerometer,0.0
1646411980,A,Light,2171.0
1646411980,A,MIC,3.0
1646411980,A,RSSI,78.0
1646411982,H,Temperature,23.915000915527344
1646411982,H,Humidity,28.625999450683594
1646411982,H,Pressure,101606.0
1646411982,H,Gas,4485.4970703125
1646411982,H,Accelerometer,0.0
1646411982,H,Light,3585.0
1646411982,H,MIC,3.0
1646411982,H,RSSI,87.0
1646411984,D,Temperature,21.975000381469727
1646411984,D,Humidity,33.65399932861328
1646411984,D,Pressure,101623.0
1646411984,D,Gas,2675.944091796875
1646411984,D,Accelerometer,0.0
1646411984,D,Light,295.0
1646411984,D,MIC,3.0
1646411984,D,RSSI,54.0
1646411985,E,Temperature,22.13500022888184
1646411985,E,Humidity,33.067001342773445
1646411985,E,Pressure,101599.0
1646411985,E,Gas,2929.201904296875
1646411985,E,Accelerometer,0.0
1646411985,E,Light,3767.0
1646411985,E,MIC,3.0
1646411985,E,RSSI,74.0
1646411986,F,Temperature,21.795000076293945
1646411986,F,Humidity,33.28900146484375
1646411986,F,Pressure,101642.0
1646411986,F,Gas,859.1829833984375
1646411986,F,Accelerometer,0.0
1646411986,F,Light,125.0
1646411986,F,MIC,3.0
1646411986,F,RSSI,76.0
1646411986,C,Temperature,22.7450008392334
1646411986,C,Humidity,33.435001373291016
1646411986,C,Pressure,101613.0
1646411986,C,Gas,1133.6090087890625
1646411986,C,Accelerometer,0.0
1646411986,C,Light,1211.0
1646411986,C,MIC,3.0
1646411986,C,RSSI,78.0
1646411988,G,Temperature,22.97500038146973
1646411988,G,Humidity,33.33300018310547
1646411988,G,Pressure,101620.0
1646411988,G,Gas,1707.5860595703125
1646411988,G,Accelerometer,0.0
1646411988,G,Light,1453.0
1646411988,G,MIC,3.0
1646411988,G,RSSI,76.0
1646411990,A,Temperature,22.774999618530273
1646411990,A,Humidity,33.279998779296875
1646411990,A,Pressure,101593.0
1646411990,A,Gas,1319.9210205078125
1646411990,A,Accelerometer,0.0
1646411990,A,Light,2174.0
1646411990,A,MIC,3.0
1646411990,A,RSSI,78.0
1646411992,B,Temperature,22.95499992370605
1646411992,B,Humidity,32.347999572753906
1646411992,B,Pressure,101549.0
1646411992,B,Gas,4750.1650390625
1646411992,B,Accelerometer,0.0
1646411992,B,Light,646.0
1646411992,B,MIC,3.0
1646411992,B,RSSI,91.0
1646411992,H,Temperature,23.915000915527344
1646411992,H,Humidity,28.62100028991699
1646411992,H,Pressure,101606.0
1646411992,H,Gas,4488.55322265625
1646411992,H,Accelerometer,0.0
1646411992,H,Light,3579.0
1646411992,H,MIC,3.0
1646411992,H,RSSI,79.0
1646411994,D,Temperature,21.96500015258789
1646411994,D,Humidity,33.67699813842773
1646411994,D,Pressure,101623.0
1646411994,D,Gas,2666.633056640625
1646411994,D,Accelerometer,0.0
1646411994,D,Light,299.0
1646411994,D,MIC,3.0
1646411994,D,RSSI,54.0
1646411996,F,Temperature,21.795000076293945
1646411996,F,Humidity,33.29800033569336
1646411996,F,Pressure,101640.0
1646411996,F,Gas,848.4439697265625
1646411996,F,Accelerometer,0.0
1646411996,F,Light,126.0
1646411996,F,MIC,3.0
1646411996,F,RSSI,76.0
1646411996,C,Temperature,22.7450008392334
1646411996,C,Humidity,33.42699813842773
1646411996,C,Pressure,101615.0
1646411996,C,Gas,1131.261962890625
1646411996,C,Accelerometer,0.0
1646411996,C,Light,1206.0
1646411996,C,MIC,3.0
1646411996,C,RSSI,78.0
1646411996,E,Temperature,22.125
1646411996,E,Humidity,33.07199859619141
1646411996,E,Pressure,101597.0
1646411996,E,Gas,2911.958984375
1646411996,E,Accelerometer,0.0
1646411996,E,Light,3763.0
1646411996,E,MIC,3.0
1646411996,E,RSSI,74.0
1646411998,G,Temperature,22.96500015258789
1646411998,G,Humidity,33.37099838256836
1646411998,G,Pressure,101618.0
1646411998,G,Gas,1710.321044921875
1646411998,G,Accelerometer,0.0
1646411998,G,Light,1447.0
1646411998,G,MIC,3.0
1646411998,G,RSSI,70.0
1646412000,A,Temperature,22.774999618530273
1646412000,A,Humidity,33.299999237060554
1646412000,A,Pressure,101595.0
1646412000,A,Gas,1310.8990478515625
1646412000,A,Accelerometer,0.0
1646412000,A,Light,2176.0
1646412000,A,MIC,3.0
1646412000,A,RSSI,78.0
1646412000,B,Temperature,22.95499992370605
1646412000,B,Humidity,32.330001831054695
1646412000,B,Pressure,101552.0
1646412000,B,Gas,4738.93310546875
1646412000,B,Accelerometer,0.0
1646412000,B,Light,643.0
1646412000,B,MIC,3.0
1646412000,B,RSSI,91.0
1646412002,H,Temperature,23.915000915527344
1646412002,H,Humidity,28.63400077819824
1646412002,H,Pressure,101608.0
1646412002,H,Gas,4473.77392578125
1646412002,H,Accelerometer,0.0
1646412002,H,Light,3583.0
1646412002,H,MIC,3.0
1646412002,H,RSSI,79.0
1646412004,D,Temperature,21.975000381469727
1646412004,D,Humidity,33.65999984741211
1646412004,D,Pressure,101621.0
1646412004,D,Gas,2673.591064453125
1646412004,D,Accelerometer,0.0
1646412004,D,Light,304.0
1646412004,D,MIC,3.0
1646412004,D,RSSI,57.0
1646412005,E,Temperature,22.13500022888184
1646412005,E,Humidity,33.089000701904304
1646412005,E,Pressure,101599.0
1646412005,E,Gas,2905.693115234375
1646412005,E,Accelerometer,0.0
1646412005,E,Light,3767.0
1646412005,E,MIC,3.0
1646412005,E,RSSI,74.0
1646412006,F,Temperature,21.795000076293945
1646412006,F,Humidity,33.29199981689453
1646412006,F,Pressure,101640.0
1646412006,F,Gas,850.093994140625
1646412006,F,Accelerometer,0.0
1646412006,F,Light,126.0
1646412006,F,MIC,3.0
1646412006,F,RSSI,76.0
1646412006,C,Temperature,22.7450008392334
1646412006,C,Humidity,33.42599868774414
1646412006,C,Pressure,101613.0
1646412006,C,Gas,1131.406005859375
1646412006,C,Accelerometer,0.0
1646412006,C,Light,1214.0
1646412006,C,MIC,3.0
1646412006,C,RSSI,78.0
1646412008,G,Temperature,22.97500038146973
1646412008,G,Humidity,33.365001678466804
1646412008,G,Pressure,101620.0
1646412008,G,Gas,1727.4530029296875
1646412008,G,Accelerometer,0.0
1646412008,G,Light,1449.0
1646412008,G,MIC,3.0
1646412008,G,RSSI,70.0
1646412010,A,Temperature,22.774999618530273
1646412010,A,Humidity,33.310001373291016
1646412010,A,Pressure,101595.0
1646412010,A,Gas,1307.9210205078125
1646412010,A,Accelerometer,0.0
1646412010,A,Light,2170.0
1646412010,A,MIC,3.0
1646412010,A,RSSI,78.0
1646412010,B,Temperature,22.95499992370605
1646412010,B,Humidity,32.32899856567383
1646412010,B,Pressure,101550.0
1646412010,B,Gas,4734.509765625
1646412010,B,Accelerometer,0.0
1646412010,B,Light,644.0
1646412010,B,MIC,3.0
1646412010,B,RSSI,91.0
1646412012,H,Temperature,23.915000915527344
1646412012,H,Humidity,28.70400047302246
1646412012,H,Pressure,101604.0
1646412012,H,Gas,4495.36181640625
1646412012,H,Accelerometer,0.0
1646412012,H,Light,3587.0
1646412012,H,MIC,3.0
1646412012,H,RSSI,79.0
1646412014,D,Temperature,21.96500015258789
1646412014,D,Humidity,33.666000366210945
1646412014,D,Pressure,101623.0
1646412014,D,Gas,2656.785888671875
1646412014,D,Accelerometer,0.0
1646412014,D,Light,307.0
1646412014,D,MIC,3.0
1646412014,D,RSSI,57.0
1646412015,E,Temperature,22.125
1646412015,E,Humidity,33.0989990234375
1646412015,E,Pressure,101599.0
1646412015,E,Gas,2908.0791015625
1646412015,E,Accelerometer,0.0
1646412015,E,Light,3775.0
1646412015,E,MIC,3.0
1646412015,E,RSSI,81.0
1646412016,F,Temperature,21.795000076293945
1646412016,F,Humidity,33.28900146484375
1646412016,F,Pressure,101642.0
1646412016,F,Gas,844.208984375
1646412016,F,Accelerometer,0.0
1646412016,F,Light,128.0
1646412016,F,MIC,3.0
1646412016,F,RSSI,76.0
1646412017,C,Temperature,22.7450008392334
1646412017,C,Humidity,33.41699981689453
1646412017,C,Pressure,101613.0
1646412017,C,Gas,1134.22900390625
1646412017,C,Accelerometer,0.0
1646412017,C,Light,1209.0
1646412017,C,MIC,3.0
1646412017,C,RSSI,78.0
1646412018,G,Temperature,22.98500061035156
1646412018,G,Humidity,33.352001190185554
1646412018,G,Pressure,101620.0
1646412018,G,Gas,1716.531982421875
1646412018,G,Accelerometer,0.0
1646412018,G,Light,1447.0
1646412018,G,MIC,3.0
1646412018,G,RSSI,70.0
1646412020,A,Temperature,22.76499938964844
1646412020,A,Humidity,33.345001220703125
1646412020,A,Pressure,101595.0
1646412020,A,Gas,1301.134033203125
1646412020,A,Accelerometer,0.0
1646412020,A,Light,2183.0
1646412020,A,MIC,3.0
1646412020,A,RSSI,78.0
1646412020,B,Temperature,22.96500015258789
1646412020,B,Humidity,32.339000701904304
1646412020,B,Pressure,101552.0
1646412020,B,Gas,4738.47900390625
1646412020,B,Accelerometer,0.0
1646412020,B,Light,647.0
1646412020,B,MIC,3.0
1646412020,B,RSSI,91.0
1646412022,H,Temperature,23.94499969482422
1646412022,H,Humidity,28.67099952697754
1646412022,H,Pressure,101608.0
1646412022,H,Gas,4515.18994140625
1646412022,H,Accelerometer,0.0
1646412022,H,Light,3587.0
1646412022,H,MIC,3.0
1646412022,H,RSSI,79.0
1646412024,D,Temperature,21.96500015258789
1646412024,D,Humidity,33.687000274658196
1646412024,D,Pressure,101623.0
1646412024,D,Gas,2651.632080078125
1646412024,D,Accelerometer,0.0
1646412024,D,Light,312.0
1646412024,D,MIC,3.0
1646412024,D,RSSI,57.0
1646412026,E,Temperature,22.13500022888184
1646412026,E,Humidity,33.097000122070305
1646412026,E,Pressure,101599.0
1646412026,E,Gas,2901.27001953125
1646412026,E,Accelerometer,0.0
1646412026,E,Light,3770.0
1646412026,E,MIC,3.0
1646412026,E,RSSI,81.0
1646412026,F,Temperature,21.795000076293945
1646412026,F,Humidity,33.299999237060554
1646412026,F,Pressure,101638.0
1646412026,F,Gas,859.5759887695312
1646412026,F,Accelerometer,0.0
1646412026,F,Light,128.0
1646412026,F,MIC,3.0
1646412026,F,RSSI,76.0
1646412026,C,Temperature,22.7450008392334
1646412026,C,Humidity,33.415000915527344
1646412026,C,Pressure,101613.0
1646412026,C,Gas,1140.5889892578125
1646412026,C,Accelerometer,0.0
1646412026,C,Light,1221.0
1646412026,C,MIC,3.0
1646412026,C,RSSI,78.0
1646412028,G,Temperature,22.98500061035156
1646412028,G,Humidity,33.34000015258789
1646412028,G,Pressure,101616.0
1646412028,G,Gas,1724.0159912109375
1646412028,G,Accelerometer,0.0
1646412028,G,Light,1445.0
1646412028,G,MIC,3.0
1646412028,G,RSSI,70.0
1646412030,B,Temperature,22.95499992370605
1646412030,B,Humidity,32.351001739501946
1646412030,B,Pressure,101552.0
1646412030,B,Gas,4734.02880859375
1646412030,B,Accelerometer,0.0
1646412030,B,Light,644.0
1646412030,B,MIC,3.0
1646412030,B,RSSI,86.0
1646412031,A,Temperature,22.774999618530273
1646412031,A,Humidity,33.312999725341804
1646412031,A,Pressure,101595.0
1646412031,A,Gas,1290.5389404296875
1646412031,A,Accelerometer,0.0
1646412031,A,Light,2173.0
1646412031,A,MIC,3.0
1646412031,A,RSSI,78.0
1646412032,H,Temperature,23.934999465942386
1646412032,H,Humidity,28.70100021362305
1646412032,H,Pressure,101604.0
1646412032,H,Gas,4526.77001953125
1646412032,H,Accelerometer,0.0
1646412032,H,Light,3590.0
1646412032,H,MIC,3.0
1646412032,H,RSSI,79.0
1646412034,D,Temperature,21.95499992370605
1646412034,D,Humidity,33.678001403808594
1646412034,D,Pressure,101617.0
1646412034,D,Gas,2659.985107421875
1646412034,D,Accelerometer,0.0
1646412034,D,Light,319.0
1646412034,D,MIC,3.0
1646412034,D,RSSI,57.0
1646412036,F,Temperature,21.795000076293945
1646412036,F,Humidity,33.29199981689453
1646412036,F,Pressure,101642.0
1646412036,F,Gas,849.7000122070312
1646412036,F,Accelerometer,0.0
1646412036,F,Light,129.0
1646412036,F,MIC,3.0
1646412036,F,RSSI,78.0
1646412036,E,Temperature,22.13500022888184
1646412036,E,Humidity,33.08700180053711
1646412036,E,Pressure,101599.0
1646412036,E,Gas,2914.135009765625
1646412036,E,Accelerometer,0.0
1646412036,E,Light,3787.0
1646412036,E,MIC,3.0
1646412036,E,RSSI,81.0
1646412036,C,Temperature,22.7549991607666
1646412036,C,Humidity,33.417999267578125
1646412036,C,Pressure,101611.0
1646412036,C,Gas,1137.5
1646412036,C,Accelerometer,0.0
1646412036,C,Light,1223.0
1646412036,C,MIC,3.0
1646412036,C,RSSI,77.0
1646412039,G,Temperature,22.98500061035156
1646412039,G,Humidity,33.36899948120117
1646412039,G,Pressure,101620.0
1646412039,G,Gas,1727.906982421875
1646412039,G,Accelerometer,0.0
1646412039,G,Light,1457.0
1646412039,G,MIC,3.0
1646412039,G,RSSI,70.0
1646412040,A,Temperature,22.774999618530273
1646412040,A,Humidity,33.31800079345703
1646412040,A,Pressure,101595.0
1646412040,A,Gas,1294.281005859375
1646412040,A,Accelerometer,0.0
1646412040,A,Light,2174.0
1646412040,A,MIC,3.0
1646412040,A,RSSI,78.0
1646412040,B,Temperature,22.95499992370605
1646412040,B,Humidity,32.347999572753906
1646412040,B,Pressure,101550.0
1646412040,B,Gas,4728.75390625
1646412040,B,Accelerometer,0.0
1646412040,B,Light,645.0
1646412040,B,MIC,3.0
1646412040,B,RSSI,86.0
1646412042,H,Temperature,23.95499992370605
1646412042,H,Humidity,28.702999114990234
1646412042,H,Pressure,101604.0
1646412042,H,Gas,4532.66015625
1646412042,H,Accelerometer,0.0
1646412042,H,Light,3588.0
1646412042,H,MIC,3.0
1646412042,H,RSSI,88.0
1646412044,D,Temperature,21.96500015258789
1646412044,D,Humidity,33.674999237060554
1646412044,D,Pressure,101621.0
1646412044,D,Gas,2651.48291015625
1646412044,D,Accelerometer,0.0
1646412044,D,Light,325.0
1646412044,D,MIC,3.0
1646412044,D,RSSI,57.0
1646412046,F,Temperature,21.78499984741211
1646412046,F,Humidity,33.326000213623054
1646412046,F,Pressure,101640.0
1646412046,F,Gas,846.93798828125
1646412046,F,Accelerometer,0.0
1646412046,F,Light,130.0
1646412046,F,MIC,3.0
1646412046,F,RSSI,78.0
1646412046,C,Temperature,22.73500061035156
1646412046,C,Humidity,33.452999114990234
1646412046,C,Pressure,101611.0
1646412046,C,Gas,1130.33203125
1646412046,C,Accelerometer,0.0
1646412046,C,Light,1226.0
1646412046,C,MIC,3.0
1646412046,C,RSSI,77.0
1646412046,E,Temperature,22.145000457763672
1646412046,E,Humidity,33.060001373291016
1646412046,E,Pressure,101597.0
1646412046,E,Gas,2906.40087890625
1646412046,E,Accelerometer,0.0
1646412046,E,Light,3787.0
1646412046,E,MIC,3.0
1646412046,E,RSSI,81.0
1646412048,G,Temperature,22.9950008392334
1646412048,G,Humidity,33.316001892089844
1646412048,G,Pressure,101620.0
1646412048,G,Gas,1724.751953125
1646412048,G,Accelerometer,0.0
1646412048,G,Light,1459.0
1646412048,G,MIC,3.0
1646412048,G,RSSI,71.0
1646412050,B,Temperature,22.96500015258789
1646412050,B,Humidity,32.323001861572266
1646412050,B,Pressure,101550.0
1646412050,B,Gas,4726.31787109375
1646412050,B,Accelerometer,0.0
1646412050,B,Light,646.0
1646412050,B,MIC,3.0
1646412050,B,RSSI,86.0
1646412051,A,Temperature,22.774999618530273
1646412051,A,Humidity,33.294998168945305
1646412051,A,Pressure,101593.0
1646412051,A,Gas,1297.68505859375
1646412051,A,Accelerometer,0.0
1646412051,A,Light,2174.0
1646412051,A,MIC,3.0
1646412051,A,RSSI,78.0
1646412053,H,Temperature,23.934999465942386
1646412053,H,Humidity,28.684999465942386
1646412053,H,Pressure,101606.0
1646412053,H,Gas,4536.41796875
1646412053,H,Accelerometer,0.0
1646412053,H,Light,3593.0
1646412053,H,MIC,3.0
1646412053,H,RSSI,88.0
1646412054,D,Temperature,21.975000381469727
1646412054,D,Humidity,33.66299819946289
1646412054,D,Pressure,101621.0
1646412054,D,Gas,2639.431884765625
1646412054,D,Accelerometer,0.0
1646412054,D,Light,331.0
1646412054,D,MIC,3.0
1646412054,D,RSSI,54.0
1646412056,E,Temperature,22.13500022888184
1646412056,E,Humidity,33.070999145507805
1646412056,E,Pressure,101597.0
1646412056,E,Gas,2891.39501953125
1646412056,E,Accelerometer,0.0
1646412056,E,Light,3791.0
1646412056,E,MIC,3.0
1646412056,E,RSSI,81.0
1646412056,F,Temperature,21.795000076293945
1646412056,F,Humidity,33.28499984741211
1646412056,F,Pressure,101638.0
1646412056,F,Gas,848.7479858398438
1646412056,F,Accelerometer,0.0
1646412056,F,Light,131.0
1646412056,F,MIC,3.0
1646412056,F,RSSI,78.0
1646412056,C,Temperature,22.72500038146973
1646412056,C,Humidity,33.44499969482422
1646412056,C,Pressure,101613.0
1646412056,C,Gas,1139.2879638671875
1646412056,C,Accelerometer,0.0
1646412056,C,Light,1226.0
1646412056,C,MIC,3.0
1646412056,C,RSSI,77.0
1646412058,G,Temperature,23.0049991607666
1646412058,G,Humidity,33.31800079345703
1646412058,G,Pressure,101616.0
1646412058,G,Gas,1730.1099853515625
1646412058,G,Accelerometer,0.0
1646412058,G,Light,1449.0
1646412058,G,MIC,3.0
1646412058,G,RSSI,71.0
1646412060,A,Temperature,22.774999618530273
1646412060,A,Humidity,33.28900146484375
1646412060,A,Pressure,101593.0
1646412060,A,Gas,1297.1600341796875
1646412060,A,Accelerometer,0.0
1646412060,A,Light,2178.0
1646412060,A,MIC,3.0
1646412060,A,RSSI,78.0
1646412061,B,Temperature,22.96500015258789
1646412061,B,Humidity,32.325000762939446
1646412061,B,Pressure,101550.0
1646412061,B,Gas,4719.50390625
1646412061,B,Accelerometer,0.0
1646412061,B,Light,645.0
1646412061,B,MIC,3.0
1646412061,B,RSSI,86.0
1646412062,H,Temperature,23.94499969482422
1646412062,H,Humidity,28.62100028991699
1646412062,H,Pressure,101604.0
1646412062,H,Gas,4524.9599609375
1646412062,H,Accelerometer,0.0
1646412062,H,Light,3583.0
1646412062,H,MIC,3.0
1646412062,H,RSSI,88.0
1646412064,D,Temperature,21.975000381469727
1646412064,D,Humidity,33.64500045776367
1646412064,D,Pressure,101623.0
1646412064,D,Gas,2640.090087890625
1646412064,D,Accelerometer,0.0
1646412064,D,Light,338.0
1646412064,D,MIC,3.0
1646412064,D,RSSI,54.0
1646412066,E,Temperature,22.145000457763672
1646412066,E,Humidity,33.04800033569336
1646412066,E,Pressure,101599.0
1646412066,E,Gas,2880.955078125
1646412066,E,Accelerometer,0.0
1646412066,E,Light,3784.0
1646412066,E,MIC,3.0
1646412066,E,RSSI,61.0
1646412066,F,Temperature,21.795000076293945
1646412066,F,Humidity,33.294998168945305
1646412066,F,Pressure,101643.0
1646412066,F,Gas,858.8280029296875
1646412066,F,Accelerometer,0.0
1646412066,F,Light,132.0
1646412066,F,MIC,3.0
1646412066,F,RSSI,78.0
1646412066,C,Temperature,22.7450008392334
1646412066,C,Humidity,33.44699859619141
1646412066,C,Pressure,101615.0
1646412066,C,Gas,1141.2979736328125
1646412066,C,Accelerometer,0.0
1646412066,C,Light,1227.0
1646412066,C,MIC,3.0
1646412066,C,RSSI,77.0
1646412068,G,Temperature,23.0049991607666
1646412068,G,Humidity,33.326000213623054
1646412068,G,Pressure,101622.0
1646412068,G,Gas,1714.4229736328125
1646412068,G,Accelerometer,0.0
1646412068,G,Light,1453.0
1646412068,G,MIC,3.0
1646412068,G,RSSI,71.0
1646412070,A,Temperature,22.774999618530273
1646412070,A,Humidity,33.298999786376946
1646412070,A,Pressure,101593.0
1646412070,A,Gas,1295.85302734375
1646412070,A,Accelerometer,0.0
1646412070,A,Light,2181.0
1646412070,A,MIC,3.0
1646412070,A,RSSI,78.0
1646412072,B,Temperature,22.96500015258789
1646412072,B,Humidity,32.320999145507805
1646412072,B,Pressure,101550.0
1646412072,B,Gas,4712.8232421875
1646412072,B,Accelerometer,0.0
1646412072,B,Light,646.0
1646412072,B,MIC,3.0
1646412072,B,RSSI,86.0
1646412073,H,Temperature,23.92499923706055
1646412073,H,Humidity,28.64800071716309
1646412073,H,Pressure,101602.0
1646412073,H,Gas,4509.23388671875
1646412073,H,Accelerometer,0.0
1646412073,H,Light,3591.0
1646412073,H,MIC,3.0
1646412073,H,RSSI,88.0
1646412074,D,Temperature,21.96500015258789
1646412074,D,Humidity,33.666000366210945
1646412074,D,Pressure,101621.0
1646412074,D,Gas,2633.06591796875
1646412074,D,Accelerometer,0.0
1646412074,D,Light,343.0
1646412074,D,MIC,3.0
1646412074,D,RSSI,54.0
1646412076,E,Temperature,22.13500022888184
1646412076,E,Humidity,33.09199905395508
1646412076,E,Pressure,101597.0
1646412076,E,Gas,2882.77587890625
1646412076,E,Accelerometer,0.0
1646412076,E,Light,3781.0
1646412076,E,MIC,3.0
1646412076,E,RSSI,61.0
1646412076,F,Temperature,21.795000076293945
1646412076,F,Humidity,33.28799819946289
1646412076,F,Pressure,101638.0
1646412076,F,Gas,836.8250122070312
1646412076,F,Accelerometer,0.0
1646412076,F,Light,133.0
1646412076,F,MIC,3.0
1646412076,F,RSSI,78.0
1646412076,C,Temperature,22.76499938964844
1646412076,C,Humidity,33.424999237060554
1646412076,C,Pressure,101611.0
1646412076,C,Gas,1151.93701171875
1646412076,C,Accelerometer,0.0
1646412076,C,Light,1231.0
1646412076,C,MIC,3.0
1646412076,C,RSSI,77.0
1646412078,G,Temperature,23.0049991607666
1646412078,G,Humidity,33.299999237060554
1646412078,G,Pressure,101618.0
1646412078,G,Gas,1715.9229736328125
1646412078,G,Accelerometer,0.0
1646412078,G,Light,1453.0
1646412078,G,MIC,3.0
1646412078,G,RSSI,71.0
1646412081,B,Temperature,22.97500038146973
1646412081,B,Humidity,32.30599975585937
1646412081,B,Pressure,101547.0
1646412081,B,Gas,4720.0517578125
1646412081,B,Accelerometer,0.0
1646412081,B,Light,644.0
1646412081,B,MIC,3.0
1646412081,B,RSSI,88.0
1646412081,A,Temperature,22.774999618530273
1646412081,A,Humidity,33.298999786376946
1646412081,A,Pressure,101593.0
1646412081,A,Gas,1299.866943359375
1646412081,A,Accelerometer,0.0
1646412081,A,Light,2173.0
1646412081,A,MIC,3.0
1646412081,A,RSSI,78.0
1646412083,H,Temperature,23.92499923706055
1646412083,H,Humidity,28.61100006103516
1646412083,H,Pressure,101602.0
1646412083,H,Gas,4509.10595703125
1646412083,H,Accelerometer,0.0
1646412083,H,Light,3590.0
1646412083,H,MIC,3.0
1646412083,H,RSSI,88.0
1646412084,D,Temperature,21.96500015258789
1646412084,D,Humidity,33.66699981689453
1646412084,D,Pressure,101621.0
1646412084,D,Gas,2629.72802734375
1646412084,D,Accelerometer,0.0
1646412084,D,Light,347.0
1646412084,D,MIC,3.0
1646412084,D,RSSI,54.0
1646412086,F,Temperature,21.795000076293945
1646412086,F,Humidity,33.30500030517578
1646412086,F,Pressure,101638.0
1646412086,F,Gas,841.385986328125
1646412086,F,Accelerometer,0.0
1646412086,F,Light,135.0
1646412086,F,MIC,3.0
1646412086,F,RSSI,78.0
1646412086,E,Temperature,22.125
1646412086,E,Humidity,33.115001678466804
1646412086,E,Pressure,101599.0
1646412086,E,Gas,2874.822021484375
1646412086,E,Accelerometer,0.0
1646412086,E,Light,3791.0
1646412086,E,MIC,3.0
1646412086,E,RSSI,61.0
1646412087,C,Temperature,22.774999618530273
1646412087,C,Humidity,33.415000915527344
1646412087,C,Pressure,101611.0
1646412087,C,Gas,1161.8509521484375
1646412087,C,Accelerometer,0.0
1646412087,C,Light,1231.0
1646412087,C,MIC,3.0
1646412087,C,RSSI,76.0
1646412088,G,Temperature,23.01499938964844
1646412088,G,Humidity,33.29600143432617
1646412088,G,Pressure,101618.0
1646412088,G,Gas,1731.991943359375
1646412088,G,Accelerometer,0.0
1646412088,G,Light,1462.0
1646412088,G,MIC,3.0
1646412088,G,RSSI,71.0
1646412090,A,Temperature,22.774999618530273
1646412090,A,Humidity,33.29399871826172
1646412090,A,Pressure,101591.0
1646412090,A,Gas,1305.031005859375
1646412090,A,Accelerometer,0.0
1646412090,A,Light,2172.0
1646412090,A,MIC,3.0
1646412090,A,RSSI,78.0
1646412092,H,Temperature,23.92499923706055
1646412092,H,Humidity,28.60000038146973
1646412092,H,Pressure,101606.0
1646412092,H,Gas,4484.81103515625
1646412092,H,Accelerometer,0.0
1646412092,H,Light,3581.0
1646412092,H,MIC,3.0
1646412092,H,RSSI,92.0
1646412094,D,Temperature,21.975000381469727
1646412094,D,Humidity,33.65700149536133
1646412094,D,Pressure,101621.0
1646412094,D,Gas,2649.345947265625
1646412094,D,Accelerometer,0.0
1646412094,D,Light,352.0
1646412094,D,MIC,3.0
1646412094,D,RSSI,54.0
1646412094,B,Temperature,22.98500061035156
1646412094,B,Humidity,32.27199935913086
1646412094,B,Pressure,101550.0
1646412094,B,Gas,4727.31396484375
1646412094,B,Accelerometer,0.0
1646412094,B,Light,645.0
1646412094,B,MIC,3.0
1646412094,B,RSSI,88.0
1646412097,E,Temperature,22.125
1646412097,E,Humidity,33.112998962402344
1646412097,E,Pressure,101597.0
1646412097,E,Gas,2868.89892578125
1646412097,E,Accelerometer,0.0
1646412097,E,Light,3793.0
1646412097,E,MIC,3.0
1646412097,E,RSSI,61.0
1646412098,F,Temperature,21.78499984741211
1646412098,F,Humidity,33.319000244140625
1646412098,F,Pressure,101640.0
1646412098,F,Gas,837.0460205078125
1646412098,F,Accelerometer,0.0
1646412098,F,Light,136.0
1646412098,F,MIC,3.0
1646412098,F,RSSI,78.0
1646412098,C,Temperature,22.78499984741211
1646412098,C,Humidity,33.40399932861328
1646412098,C,Pressure,101613.0
1646412098,C,Gas,1157.22900390625
1646412098,C,Accelerometer,0.0
1646412098,C,Light,1235.0
1646412098,C,MIC,3.0
1646412098,C,RSSI,76.0
1646412099,G,Temperature,23.01499938964844
1646412099,G,Humidity,33.29199981689453
1646412099,G,Pressure,101616.0
1646412099,G,Gas,1737.14599609375
1646412099,G,Accelerometer,0.0
1646412099,G,Light,1460.0
1646412099,G,MIC,3.0
1646412099,G,RSSI,76.0
1646412101,A,Temperature,22.774999618530273
1646412101,A,Humidity,33.314998626708984
1646412101,A,Pressure,101593.0
1646412101,A,Gas,1307.8599853515625
1646412101,A,Accelerometer,0.0
1646412101,A,Light,2180.0
1646412101,A,MIC,3.0
1646412101,A,RSSI,79.0
1646412102,B,Temperature,22.97500038146973
1646412102,B,Humidity,32.30099868774414
1646412102,B,Pressure,101550.0
1646412102,B,Gas,4725.576171875
1646412102,B,Accelerometer,0.0
1646412102,B,Light,642.0
1646412102,B,MIC,3.0
1646412102,B,RSSI,88.0
1646412102,H,Temperature,23.915000915527344
1646412102,H,Humidity,28.617000579833984
1646412102,H,Pressure,101604.0
1646412102,H,Gas,4461.58984375
1646412102,H,Accelerometer,0.0
1646412102,H,Light,3583.0
1646412102,H,MIC,3.0
1646412102,H,RSSI,92.0
1646412104,D,Temperature,21.975000381469727
1646412104,D,Humidity,33.65900039672852
1646412104,D,Pressure,101621.0
1646412104,D,Gas,2663.06298828125
1646412104,D,Accelerometer,0.0
1646412104,D,Light,355.0
1646412104,D,MIC,3.0
1646412104,D,RSSI,54.0
1646412106,E,Temperature,22.125
1646412106,E,Humidity,33.12400054931641
1646412106,E,Pressure,101597.0
1646412106,E,Gas,2867.39306640625
1646412106,E,Accelerometer,0.0
1646412106,E,Light,3797.0
1646412106,E,MIC,3.0
1646412106,E,RSSI,61.0
1646412106,F,Temperature,21.78499984741211
1646412106,F,Humidity,33.32699966430664
1646412106,F,Pressure,101638.0
1646412106,F,Gas,825.2830200195312
1646412106,F,Accelerometer,0.0
1646412106,F,Light,137.0
1646412106,F,MIC,3.0
1646412106,F,RSSI,78.0
1646412106,C,Temperature,22.78499984741211
1646412106,C,Humidity,33.42699813842773
1646412106,C,Pressure,101613.0
1646412106,C,Gas,1157.322998046875
1646412106,C,Accelerometer,0.0
1646412106,C,Light,1231.0
1646412106,C,MIC,3.0
1646412106,C,RSSI,76.0
1646412108,G,Temperature,23.024999618530273
1646412108,G,Humidity,33.29399871826172
1646412108,G,Pressure,101618.0
1646412108,G,Gas,1759.7359619140625
1646412108,G,Accelerometer,0.0
1646412108,G,Light,1454.0
1646412108,G,MIC,3.0
1646412108,G,RSSI,76.0
1646412110,A,Temperature,22.76499938964844
1646412110,A,Humidity,33.33300018310547
1646412110,A,Pressure,101595.0
1646412110,A,Gas,1291.3199462890625
1646412110,A,Accelerometer,0.0
1646412110,A,Light,2178.0
1646412110,A,MIC,3.0
1646412110,A,RSSI,79.0
1646412110,B,Temperature,22.97500038146973
1646412110,B,Humidity,32.294998168945305
1646412110,B,Pressure,101550.0
1646412110,B,Gas,4706.6337890625
1646412110,B,Accelerometer,0.0
1646412110,B,Light,643.0
1646412110,B,MIC,3.0
1646412110,B,RSSI,88.0
1646412112,H,Temperature,23.92499923706055
1646412112,H,Humidity,28.68199920654297
1646412112,H,Pressure,101602.0
1646412112,H,Gas,4480.5380859375
1646412112,H,Accelerometer,0.0
1646412112,H,Light,3583.0
1646412112,H,MIC,3.0
1646412112,H,RSSI,92.0
1646412114,D,Temperature,21.98500061035156
1646412114,D,Humidity,33.65999984741211
1646412114,D,Pressure,101619.0
1646412114,D,Gas,2660.998046875
1646412114,D,Accelerometer,0.0
1646412114,D,Light,361.0
1646412114,D,MIC,3.0
1646412114,D,RSSI,54.0
1646412116,E,Temperature,22.13500022888184
1646412116,E,Humidity,33.08599853515625
1646412116,E,Pressure,101597.0
1646412116,E,Gas,2886.2470703125
1646412116,E,Accelerometer,0.0
1646412116,E,Light,3801.0
1646412116,E,MIC,3.0
1646412116,E,RSSI,59.0
1646412116,F,Temperature,21.80500030517578
1646412116,F,Humidity,33.30500030517578
1646412116,F,Pressure,101640.0
1646412116,F,Gas,837.4669799804688
1646412116,F,Accelerometer,0.0
1646412116,F,Light,137.0
1646412116,F,MIC,3.0
1646412116,F,RSSI,78.0
1646412116,C,Temperature,22.795000076293945
1646412116,C,Humidity,33.424999237060554
1646412116,C,Pressure,101609.0
1646412116,C,Gas,1152.262939453125
1646412116,C,Accelerometer,0.0
1646412116,C,Light,1237.0
1646412116,C,MIC,3.0
1646412116,C,RSSI,76.0
1646412118,G,Temperature,23.01499938964844
1646412118,G,Humidity,33.263999938964844
1646412118,G,Pressure,101618.0
1646412118,G,Gas,1753.071044921875
1646412118,G,Accelerometer,0.0
1646412118,G,Light,1457.0
1646412118,G,MIC,3.0
1646412118,G,RSSI,76.0
1646412120,B,Temperature,22.96500015258789
1646412120,B,Humidity,32.30899810791016
1646412120,B,Pressure,101549.0
1646412120,B,Gas,4700.35693359375
1646412120,B,Accelerometer,0.0
1646412120,B,Light,642.0
1646412120,B,MIC,3.0
1646412120,B,RSSI,88.0
1646412121,A,Temperature,22.76499938964844
1646412121,A,Humidity,33.37799835205078
1646412121,A,Pressure,101595.0
1646412121,A,Gas,1280.780029296875
1646412121,A,Accelerometer,0.0
1646412121,A,Light,2175.0
1646412121,A,MIC,3.0
1646412121,A,RSSI,79.0
1646412122,H,Temperature,23.934999465942386
1646412122,H,Humidity,28.70100021362305
1646412122,H,Pressure,101604.0
1646412122,H,Gas,4502.98388671875
1646412122,H,Accelerometer,0.0
1646412122,H,Light,3583.0
1646412122,H,MIC,3.0
1646412122,H,RSSI,92.0
1646412124,D,Temperature,21.975000381469727
1646412124,D,Humidity,33.661998748779304
1646412124,D,Pressure,101619.0
1646412124,D,Gas,2656.032958984375
1646412124,D,Accelerometer,0.0
1646412124,D,Light,370.0
1646412124,D,MIC,3.0
1646412124,D,RSSI,54.0
1646412126,E,Temperature,22.13500022888184
1646412126,E,Humidity,33.088001251220696
1646412126,E,Pressure,101597.0
1646412126,E,Gas,2880.673095703125
1646412126,E,Accelerometer,0.0
1646412126,E,Light,3801.0
1646412126,E,MIC,3.0
1646412126,E,RSSI,59.0
1646412126,F,Temperature,21.795000076293945
1646412126,F,Humidity,33.30500030517578
1646412126,F,Pressure,101640.0
1646412126,F,Gas,845.9420166015625
1646412126,F,Accelerometer,0.0
1646412126,F,Light,139.0
1646412126,F,MIC,3.0
1646412126,F,RSSI,78.0
1646412127,C,Temperature,22.78499984741211
1646412127,C,Humidity,33.4010009765625
1646412127,C,Pressure,101609.0
1646412127,C,Gas,1162.89697265625
1646412127,C,Accelerometer,0.0
1646412127,C,Light,1236.0
1646412127,C,MIC,3.0
1646412127,C,RSSI,77.0
1646412129,G,Temperature,23.01499938964844
1646412129,G,Humidity,33.27899932861328
1646412129,G,Pressure,101620.0
1646412129,G,Gas,1748.9639892578125
1646412129,G,Accelerometer,0.0
1646412129,G,Light,1457.0
1646412129,G,MIC,3.0
1646412129,G,RSSI,76.0
1646412130,A,Temperature,22.76499938964844
1646412130,A,Humidity,33.40200042724609
1646412130,A,Pressure,101595.0
1646412130,A,Gas,1286.5980224609375
1646412130,A,Accelerometer,0.0
1646412130,A,Light,2172.0
1646412130,A,MIC,3.0
1646412130,A,RSSI,79.0
1646412133,H,Temperature,23.94499969482422
1646412133,H,Humidity,28.665000915527344
1646412133,H,Pressure,101602.0
1646412133,H,Gas,4514.8359375
1646412133,H,Accelerometer,0.0
1646412133,H,Light,3583.0
1646412133,H,MIC,3.0
1646412133,H,RSSI,92.0
1646412134,D,Temperature,21.975000381469727
1646412134,D,Humidity,33.65999984741211
1646412134,D,Pressure,101621.0
1646412134,D,Gas,2658.319091796875
1646412134,D,Accelerometer,0.0
1646412134,D,Light,378.0
1646412134,D,MIC,3.0
1646412134,D,RSSI,54.0
1646412135,B,Temperature,22.97500038146973
1646412135,B,Humidity,32.291000366210945
1646412135,B,Pressure,101550.0
1646412135,B,Gas,4712.158203125
1646412135,B,Accelerometer,0.0
1646412135,B,Light,642.0
1646412135,B,MIC,3.0
1646412135,B,RSSI,91.0
1646412136,E,Temperature,22.125
1646412136,E,Humidity,33.097000122070305
1646412136,E,Pressure,101597.0
1646412136,E,Gas,2874.3349609375
1646412136,E,Accelerometer,0.0
1646412136,E,Light,3797.0
1646412136,E,MIC,3.0
1646412136,E,RSSI,59.0
1646412136,F,Temperature,21.795000076293945
1646412136,F,Humidity,33.317001342773445
1646412136,F,Pressure,101640.0
1646412136,F,Gas,849.1690063476562
1646412136,F,Accelerometer,0.0
1646412136,F,Light,139.0
1646412136,F,MIC,3.0
1646412136,F,RSSI,73.0
1646412136,C,Temperature,22.795000076293945
1646412136,C,Humidity,33.395999908447266
1646412136,C,Pressure,101609.0
1646412136,C,Gas,1153.364990234375
1646412136,C,Accelerometer,0.0
1646412136,C,Light,1233.0
1646412136,C,MIC,3.0
1646412136,C,RSSI,77.0
1646412138,G,Temperature,23.0049991607666
1646412138,G,Humidity,33.294998168945305
1646412138,G,Pressure,101618.0
1646412138,G,Gas,1751.343994140625
1646412138,G,Accelerometer,0.0
1646412138,G,Light,1461.0
1646412138,G,MIC,3.0
1646412138,G,RSSI,76.0
1646412140,B,Temperature,22.98500061035156
1646412140,B,Humidity,32.270999908447266
1646412140,B,Pressure,101550.0
1646412140,B,Gas,4708.7041015625
1646412140,B,Accelerometer,0.0
1646412140,B,Light,644.0
1646412140,B,MIC,3.0
1646412140,B,RSSI,91.0
1646412141,A,Temperature,22.774999618530273
1646412141,A,Humidity,33.37400054931641
1646412141,A,Pressure,101593.0
1646412141,A,Gas,1288.114990234375
1646412141,A,Accelerometer,0.0
1646412141,A,Light,2172.0
1646412141,A,MIC,3.0
1646412141,A,RSSI,79.0
1646412142,H,Temperature,23.934999465942386
1646412142,H,Humidity,28.63800048828125
1646412142,H,Pressure,101604.0
1646412142,H,Gas,4492.56591796875
1646412142,H,Accelerometer,0.0
1646412142,H,Light,3576.0
1646412142,H,MIC,3.0
1646412142,H,RSSI,87.0
1646412144,D,Temperature,21.96500015258789
1646412144,D,Humidity,33.685001373291016
1646412144,D,Pressure,101619.0
1646412144,D,Gas,2656.81298828125
1646412144,D,Accelerometer,0.0
1646412144,D,Light,384.0
1646412144,D,MIC,3.0
1646412144,D,RSSI,54.0
1646412146,F,Temperature,21.78499984741211
1646412146,F,Humidity,33.312000274658196
1646412146,F,Pressure,101640.0
1646412146,F,Gas,836.5590209960938
1646412146,F,Accelerometer,0.0
1646412146,F,Light,140.0
1646412146,F,MIC,3.0
1646412146,F,RSSI,73.0
1646412146,C,Temperature,22.795000076293945
1646412146,C,Humidity,33.402999877929695
1646412146,C,Pressure,101609.0
1646412146,C,Gas,1144.2039794921875
1646412146,C,Accelerometer,0.0
1646412146,C,Light,1237.0
1646412146,C,MIC,3.0
1646412146,C,RSSI,77.0
1646412146,E,Temperature,22.13500022888184
1646412146,E,Humidity,33.09400177001953
1646412146,E,Pressure,101599.0
1646412146,E,Gas,2875.72412109375
1646412146,E,Accelerometer,0.0
1646412146,E,Light,3801.0
1646412146,E,MIC,3.0
1646412146,E,RSSI,59.0
1646412148,G,Temperature,23.0049991607666
1646412148,G,Humidity,33.299999237060554
1646412148,G,Pressure,101618.0
1646412148,G,Gas,1751.0560302734375
1646412148,G,Accelerometer,0.0
1646412148,G,Light,1457.0
1646412148,G,MIC,3.0
1646412148,G,RSSI,70.0
1646412151,A,Temperature,22.76499938964844
1646412151,A,Humidity,33.41299819946289
1646412151,A,Pressure,101593.0
1646412151,A,Gas,1283.8909912109375
1646412151,A,Accelerometer,0.0
1646412151,A,Light,2176.0
1646412151,A,MIC,3.0
1646412151,A,RSSI,81.0
1646412151,B,Temperature,22.98500061035156
1646412151,B,Humidity,32.27000045776367
1646412151,B,Pressure,101550.0
1646412151,B,Gas,4709.84423828125
1646412151,B,Accelerometer,0.0
1646412151,B,Light,642.0
1646412151,B,MIC,3.0
1646412151,B,RSSI,91.0
1646412152,H,Temperature,23.934999465942386
1646412152,H,Humidity,28.6200008392334
1646412152,H,Pressure,101604.0
1646412152,H,Gas,4482.64697265625
1646412152,H,Accelerometer,0.0
1646412152,H,Light,3576.0
1646412152,H,MIC,3.0
1646412152,H,RSSI,87.0
1646412154,D,Temperature,21.975000381469727
1646412154,D,Humidity,33.65399932861328
1646412154,D,Pressure,101619.0
1646412154,D,Gas,2637.886962890625
1646412154,D,Accelerometer,0.0
1646412154,D,Light,389.0
1646412154,D,MIC,3.0
1646412154,D,RSSI,54.0
1646412156,E,Temperature,22.125
1646412156,E,Humidity,33.10300064086914
1646412156,E,Pressure,101597.0
1646412156,E,Gas,2867.631103515625
1646412156,E,Accelerometer,0.0
1646412156,E,Light,3811.0
1646412156,E,MIC,3.0
1646412156,E,RSSI,59.0
1646412156,F,Temperature,21.795000076293945
1646412156,F,Humidity,33.29199981689453
1646412156,F,Pressure,101640.0
1646412156,F,Gas,840.3070068359375
1646412156,F,Accelerometer,0.0
1646412156,F,Light,141.0
1646412156,F,MIC,3.0
1646412156,F,RSSI,73.0
1646412156,C,Temperature,22.795000076293945
1646412156,C,Humidity,33.39699935913086
1646412156,C,Pressure,101613.0
1646412156,C,Gas,1135.6739501953125
1646412156,C,Accelerometer,0.0
1646412156,C,Light,1243.0
1646412156,C,MIC,3.0
1646412156,C,RSSI,77.0
1646412158,G,Temperature,23.0049991607666
1646412158,G,Humidity,33.28499984741211
1646412158,G,Pressure,101618.0
1646412158,G,Gas,1733.0050048828125
1646412158,G,Accelerometer,0.0
1646412158,G,Light,1457.0
1646412158,G,MIC,3.0
1646412158,G,RSSI,70.0
1646412160,A,Temperature,22.774999618530273
1646412160,A,Humidity,33.387001037597656
1646412160,A,Pressure,101593.0
1646412160,A,Gas,1280.574951171875
1646412160,A,Accelerometer,0.0
1646412160,A,Light,2177.0
1646412160,A,MIC,3.0
1646412160,A,RSSI,81.0
1646412160,B,Temperature,22.98500061035156
1646412160,B,Humidity,32.268001556396484
1646412160,B,Pressure,101549.0
1646412160,B,Gas,4716.72509765625
1646412160,B,Accelerometer,0.0
1646412160,B,Light,642.0
1646412160,B,MIC,3.0
1646412160,B,RSSI,91.0
1646412162,H,Temperature,23.94499969482422
1646412162,H,Humidity,28.586000442504893
1646412162,H,Pressure,101604.0
1646412162,H,Gas,4484.5009765625
1646412162,H,Accelerometer,0.0
1646412162,H,Light,3576.0
1646412162,H,MIC,3.0
1646412162,H,RSSI,87.0
1646412164,D,Temperature,21.975000381469727
1646412164,D,Humidity,33.65599822998047
1646412164,D,Pressure,101619.0
1646412164,D,Gas,2642.14990234375
1646412164,D,Accelerometer,0.0
1646412164,D,Light,393.0
1646412164,D,MIC,3.0
1646412164,D,RSSI,54.0
1646412166,E,Temperature,22.114999771118164
1646412166,E,Humidity,33.12099838256836
1646412166,E,Pressure,101597.0
1646412166,E,Gas,2857.634033203125
1646412166,E,Accelerometer,0.0
1646412166,E,Light,3811.0
1646412166,E,MIC,3.0
1646412166,E,RSSI,75.0
1646412166,F,Temperature,21.795000076293945
1646412166,F,Humidity,33.30099868774414
1646412166,F,Pressure,101638.0
1646412166,F,Gas,837.2730102539062
1646412166,F,Accelerometer,0.0
1646412166,F,Light,142.0
1646412166,F,MIC,3.0
1646412166,F,RSSI,73.0
1646412167,C,Temperature,22.795000076293945
1646412167,C,Humidity,33.393001556396484
1646412167,C,Pressure,101609.0
1646412167,C,Gas,1153.27099609375
1646412167,C,Accelerometer,0.0
1646412167,C,Light,1241.0
1646412167,C,MIC,3.0
1646412167,C,RSSI,77.0
1646412168,G,Temperature,22.9950008392334
1646412168,G,Humidity,33.273998260498054
1646412168,G,Pressure,101616.0
1646412168,G,Gas,1729.4739990234375
1646412168,G,Accelerometer,0.0
1646412168,G,Light,1466.0
1646412168,G,MIC,3.0
1646412168,G,RSSI,70.0
1646412170,A,Temperature,22.76499938964844
1646412170,A,Humidity,33.43199920654297
1646412170,A,Pressure,101593.0
1646412170,A,Gas,1271.5860595703125
1646412170,A,Accelerometer,0.0
1646412170,A,Light,2179.0
1646412170,A,MIC,3.0
1646412170,A,RSSI,81.0
1646412171,B,Temperature,22.98500061035156
1646412171,B,Humidity,32.264999389648445
1646412171,B,Pressure,101549.0
1646412171,B,Gas,4715.27490234375
1646412171,B,Accelerometer,0.0
1646412171,B,Light,643.0
1646412171,B,MIC,3.0
1646412171,B,RSSI,91.0
1646412174,H,Temperature,23.934999465942386
1646412174,H,Humidity,28.62899971008301
1646412174,H,Pressure,101602.0
1646412174,H,Gas,4492.79296875
1646412174,H,Accelerometer,0.0
1646412174,H,Light,3579.0
1646412174,H,MIC,3.0
1646412174,H,RSSI,87.0
1646412174,D,Temperature,21.975000381469727
1646412174,D,Humidity,33.65599822998047
1646412174,D,Pressure,101621.0
1646412174,D,Gas,2636.299072265625
1646412174,D,Accelerometer,0.0
1646412174,D,Light,398.0
1646412174,D,MIC,3.0
1646412174,D,RSSI,54.0
1646412176,E,Temperature,22.125
1646412176,E,Humidity,33.10599899291992
1646412176,E,Pressure,101595.0
1646412176,E,Gas,2848.02490234375
1646412176,E,Accelerometer,0.0
1646412176,E,Light,3807.0
1646412176,E,MIC,3.0
1646412176,E,RSSI,75.0
1646412176,F,Temperature,21.78499984741211
1646412176,F,Humidity,33.338001251220696
1646412176,F,Pressure,101638.0
1646412176,F,Gas,845.239013671875
1646412176,F,Accelerometer,0.0
1646412176,F,Light,142.0
1646412176,F,MIC,3.0
1646412176,F,RSSI,73.0
1646412176,C,Temperature,22.795000076293945
1646412176,C,Humidity,33.398998260498054
1646412176,C,Pressure,101611.0
1646412176,C,Gas,1145.969970703125
1646412176,C,Accelerometer,0.0
1646412176,C,Light,1250.0
1646412176,C,MIC,3.0
1646412176,C,RSSI,77.0
1646412179,G,Temperature,22.9950008392334
1646412179,G,Humidity,33.250999450683594
1646412179,G,Pressure,101616.0
1646412179,G,Gas,1724.48095703125
1646412179,G,Accelerometer,0.0
1646412179,G,Light,1455.0
1646412179,G,MIC,3.0
1646412179,G,RSSI,70.0
1646412180,B,Temperature,22.9950008392334
1646412180,B,Humidity,32.264999389648445
1646412180,B,Pressure,101549.0
1646412180,B,Gas,4715.47900390625
1646412180,B,Accelerometer,0.0
1646412180,B,Light,644.0
1646412180,B,MIC,3.0
1646412180,B,RSSI,92.0
1646412180,A,Temperature,22.774999618530273
1646412180,A,Humidity,33.39699935913086
1646412180,A,Pressure,101591.0
1646412180,A,Gas,1270.2569580078125
1646412180,A,Accelerometer,0.0
1646412180,A,Light,2168.0
1646412180,A,MIC,3.0
1646412180,A,RSSI,81.0
1646412182,H,Temperature,23.94499969482422
1646412182,H,Humidity,28.636999130249023
1646412182,H,Pressure,101602.0
1646412182,H,Gas,4501.81591796875
1646412182,H,Accelerometer,0.0
1646412182,H,Light,3577.0
1646412182,H,MIC,3.0
1646412182,H,RSSI,87.0
1646412184,D,Temperature,21.975000381469727
1646412184,D,Humidity,33.654998779296875
1646412184,D,Pressure,101619.0
1646412184,D,Gas,2629.3349609375
1646412184,D,Accelerometer,0.0
1646412184,D,Light,405.0
1646412184,D,MIC,3.0
1646412184,D,RSSI,54.0
1646412186,E,Temperature,22.114999771118164
1646412186,E,Humidity,33.12799835205078
1646412186,E,Pressure,101597.0
1646412186,E,Gas,2841.18310546875
1646412186,E,Accelerometer,0.0
1646412186,E,Light,3793.0
1646412186,E,MIC,3.0
1646412186,E,RSSI,75.0
1646412186,F,Temperature,21.795000076293945
1646412186,F,Humidity,33.312000274658196
1646412186,F,Pressure,101638.0
1646412186,F,Gas,838.1589965820312
1646412186,F,Accelerometer,0.0
1646412186,F,Light,143.0
1646412186,F,MIC,3.0
1646412186,F,RSSI,76.0
1646412186,C,Temperature,22.80500030517578
1646412186,C,Humidity,33.397998809814446
1646412186,C,Pressure,101609.0
1646412186,C,Gas,1142.7919921875
1646412186,C,Accelerometer,0.0
1646412186,C,Light,1261.0
1646412186,C,MIC,3.0
1646412186,C,RSSI,67.0
1646412188,G,Temperature,23.0049991607666
1646412188,G,Humidity,33.21099853515625
1646412188,G,Pressure,101618.0
1646412188,G,Gas,1719.8089599609375
1646412188,G,Accelerometer,0.0
1646412188,G,Light,1461.0
1646412188,G,MIC,3.0
1646412188,G,RSSI,70.0
1646412190,A,Temperature,22.774999618530273
1646412190,A,Humidity,33.37900161743164
1646412190,A,Pressure,101593.0
1646412190,A,Gas,1274.3310546875
1646412190,A,Accelerometer,0.0
1646412190,A,Light,2179.0
1646412190,A,MIC,3.0
1646412190,A,RSSI,81.0
1646412191,B,Temperature,22.98500061035156
1646412191,B,Humidity,32.27199935913086
1646412191,B,Pressure,101549.0
1646412191,B,Gas,4727.580078125
1646412191,B,Accelerometer,0.0
1646412191,B,Light,645.0
1646412191,B,MIC,3.0
1646412191,B,RSSI,92.0
1646412192,H,Temperature,23.934999465942386
1646412192,H,Humidity,28.670000076293945
1646412192,H,Pressure,101604.0
1646412192,H,Gas,4511.0830078125
1646412192,H,Accelerometer,0.0
1646412192,H,Light,3566.0
1646412192,H,MIC,3.0
1646412192,H,RSSI,90.0
1646412194,D,Temperature,21.96500015258789
1646412194,D,Humidity,33.67100143432617
1646412194,D,Pressure,101619.0
1646412194,D,Gas,2617.4951171875
1646412194,D,Accelerometer,0.0
1646412194,D,Light,410.0
1646412194,D,MIC,3.0
1646412194,D,RSSI,54.0
1646412196,E,Temperature,22.125
1646412196,E,Humidity,33.088001251220696
1646412196,E,Pressure,101597.0
1646412196,E,Gas,2847.239013671875
1646412196,E,Accelerometer,0.0
1646412196,E,Light,3796.0
1646412196,E,MIC,3.0
1646412196,E,RSSI,75.0
1646412196,F,Temperature,21.78499984741211
1646412196,F,Humidity,33.332000732421875
1646412196,F,Pressure,101640.0
1646412196,F,Gas,835.635009765625
1646412196,F,Accelerometer,0.0
1646412196,F,Light,144.0
1646412196,F,MIC,3.0
1646412196,F,RSSI,76.0
1646412197,C,Temperature,22.815000534057607
1646412197,C,Humidity,33.388999938964844
1646412197,C,Pressure,101609.0
1646412197,C,Gas,1151.85400390625
1646412197,C,Accelerometer,0.0
1646412197,C,Light,1264.0
1646412197,C,MIC,3.0
1646412197,C,RSSI,67.0
1646412198,G,Temperature,23.0049991607666
1646412198,G,Humidity,33.2239990234375
1646412198,G,Pressure,101616.0
1646412198,G,Gas,1697.6719970703125
1646412198,G,Accelerometer,0.0
1646412198,G,Light,1453.0
1646412198,G,MIC,3.0
1646412198,G,RSSI,70.0
1646412201,A,Temperature,22.774999618530273
1646412201,A,Humidity,33.375999450683594
1646412201,A,Pressure,101591.0
1646412201,A,Gas,1285.595947265625
1646412201,A,Accelerometer,0.0
1646412201,A,Light,2170.0
1646412201,A,MIC,3.0
1646412201,A,RSSI,77.0
1646412201,B,Temperature,22.97500038146973
1646412201,B,Humidity,32.27199935913086
1646412201,B,Pressure,101547.0
1646412201,B,Gas,4705.34912109375
1646412201,B,Accelerometer,0.0
1646412201,B,Light,643.0
1646412201,B,MIC,3.0
1646412201,B,RSSI,92.0
1646412202,H,Temperature,23.934999465942386
1646412202,H,Humidity,28.632999420166016
1646412202,H,Pressure,101602.0
1646412202,H,Gas,4480.2890625
1646412202,H,Accelerometer,0.0
1646412202,H,Light,3565.0
1646412202,H,MIC,3.0
1646412202,H,RSSI,90.0
1646412204,D,Temperature,21.98500061035156
1646412204,D,Humidity,33.64400100708008
1646412204,D,Pressure,101617.0
1646412204,D,Gas,2633.347900390625
1646412204,D,Accelerometer,0.0
1646412204,D,Light,417.0
1646412204,D,MIC,3.0
1646412204,D,RSSI,57.0
1646412206,E,Temperature,22.125
1646412206,E,Humidity,33.08599853515625
1646412206,E,Pressure,101597.0
1646412206,E,Gas,2851.01904296875
1646412206,E,Accelerometer,0.0
1646412206,E,Light,3798.0
1646412206,E,MIC,3.0
1646412206,E,RSSI,75.0
1646412206,F,Temperature,21.795000076293945
1646412206,F,Humidity,33.307998657226555
1646412206,F,Pressure,101636.0
1646412206,F,Gas,841.7459716796875
1646412206,F,Accelerometer,0.0
1646412206,F,Light,144.0
1646412206,F,MIC,3.0
1646412206,F,RSSI,76.0
1646412206,C,Temperature,22.815000534057607
1646412206,C,Humidity,33.397998809814446
1646412206,C,Pressure,101609.0
1646412206,C,Gas,1143.0970458984375
1646412206,C,Accelerometer,0.0
1646412206,C,Light,1273.0
1646412206,C,MIC,3.0
1646412206,C,RSSI,67.0
1646412208,G,Temperature,23.0049991607666
1646412208,G,Humidity,33.235000610351555
1646412208,G,Pressure,101616.0
1646412208,G,Gas,1704.7969970703125
1646412208,G,Accelerometer,0.0
1646412208,G,Light,1460.0
1646412208,G,MIC,3.0
1646412208,G,RSSI,70.0
1646412210,A,Temperature,22.774999618530273
1646412210,A,Humidity,33.363998413085945
1646412210,A,Pressure,101591.0
1646412210,A,Gas,1279.927978515625
1646412210,A,Accelerometer,0.0
1646412210,A,Light,2175.0
1646412210,A,MIC,3.0
1646412210,A,RSSI,77.0
1646412212,B,Temperature,22.9950008392334
1646412212,B,Humidity,32.22499847412109
1646412212,B,Pressure,101547.0
1646412212,B,Gas,4700.0849609375
1646412212,B,Accelerometer,0.0
1646412212,B,Light,642.0
1646412212,B,MIC,3.0
1646412212,B,RSSI,92.0
1646412213,H,Temperature,23.934999465942386
1646412213,H,Humidity,28.631999969482425
1646412213,H,Pressure,101602.0
1646412213,H,Gas,4478.84912109375
1646412213,H,Accelerometer,0.0
1646412213,H,Light,3569.0
1646412213,H,MIC,3.0
1646412213,H,RSSI,90.0
1646412214,D,Temperature,21.975000381469727
1646412214,D,Humidity,33.65599822998047
1646412214,D,Pressure,101619.0
1646412214,D,Gas,2618.429931640625
1646412214,D,Accelerometer,0.0
1646412214,D,Light,428.0
1646412214,D,MIC,3.0
1646412214,D,RSSI,57.0
1646412216,E,Temperature,22.125
1646412216,E,Humidity,33.10800170898437
1646412216,E,Pressure,101595.0
1646412216,E,Gas,2838.39306640625
1646412216,E,Accelerometer,0.0
1646412216,E,Light,3800.0
1646412216,E,MIC,3.0
1646412216,E,RSSI,79.0
1646412216,F,Temperature,21.78499984741211
1646412216,F,Humidity,33.320999145507805
1646412216,F,Pressure,101638.0
1646412216,F,Gas,847.18701171875
1646412216,F,Accelerometer,0.0
1646412216,F,Light,145.0
1646412216,F,MIC,3.0
1646412216,F,RSSI,76.0
1646412217,C,Temperature,22.80500030517578
1646412217,C,Humidity,33.397998809814446
1646412217,C,Pressure,101609.0
1646412217,C,Gas,1146.97705078125
1646412217,C,Accelerometer,0.0
1646412217,C,Light,1280.0
1646412217,C,MIC,3.0
1646412217,C,RSSI,67.0
1646412218,G,Temperature,23.0049991607666
1646412218,G,Humidity,33.215999603271484
1646412218,G,Pressure,101616.0
1646412218,G,Gas,1690.4930419921875
1646412218,G,Accelerometer,0.0
1646412218,G,Light,1456.0
1646412218,G,MIC,3.0
1646412218,G,RSSI,70.0
1646412220,B,Temperature,22.9950008392334
1646412220,B,Humidity,32.23300170898437
1646412220,B,Pressure,101547.0
1646412220,B,Gas,4690.52001953125
1646412220,B,Accelerometer,0.0
1646412220,B,Light,644.0
1646412220,B,MIC,3.0
1646412220,B,RSSI,92.0
1646412220,A,Temperature,22.774999618530273
1646412220,A,Humidity,33.39400100708008
1646412220,A,Pressure,101591.0
1646412220,A,Gas,1283.0889892578125
1646412220,A,Accelerometer,0.0
1646412220,A,Light,2167.0
1646412220,A,MIC,3.0
1646412220,A,RSSI,77.0
1646412223,H,Temperature,23.934999465942386
1646412223,H,Humidity,28.63999938964844
1646412223,H,Pressure,101600.0
1646412223,H,Gas,4480.75390625
1646412223,H,Accelerometer,0.0
1646412223,H,Light,3571.0
1646412223,H,MIC,3.0
1646412223,H,RSSI,90.0
1646412224,D,Temperature,21.98500061035156
1646412224,D,Humidity,33.636001586914055
1646412224,D,Pressure,101619.0
1646412224,D,Gas,2615.801025390625
1646412224,D,Accelerometer,0.0
1646412224,D,Light,436.0
1646412224,D,MIC,3.0
1646412224,D,RSSI,57.0
1646412226,E,Temperature,22.114999771118164
1646412226,E,Humidity,33.10900115966797
1646412226,E,Pressure,101595.0
1646412226,E,Gas,2830.52197265625
1646412226,E,Accelerometer,0.0
1646412226,E,Light,3806.0
1646412226,E,MIC,3.0
1646412226,E,RSSI,79.0
1646412227,F,Temperature,21.78499984741211
1646412227,F,Humidity,33.338001251220696
1646412227,F,Pressure,101638.0
1646412227,F,Gas,852.656005859375
1646412227,F,Accelerometer,0.0
1646412227,F,Light,147.0
1646412227,F,MIC,3.0
1646412227,F,RSSI,76.0
1646412227,C,Temperature,22.82500076293945
1646412227,C,Humidity,33.375999450683594
1646412227,C,Pressure,101609.0
1646412227,C,Gas,1149.6619873046875
1646412227,C,Accelerometer,0.0
1646412227,C,Light,1288.0
1646412227,C,MIC,3.0
1646412227,C,RSSI,67.0
1646412228,G,Temperature,23.0049991607666
1646412228,G,Humidity,33.23699951171875
1646412228,G,Pressure,101614.0
1646412228,G,Gas,1676.720947265625
1646412228,G,Accelerometer,0.0
1646412228,G,Light,1456.0
1646412228,G,MIC,3.0
1646412228,G,RSSI,70.0
1646412231,B,Temperature,22.9950008392334
1646412231,B,Humidity,32.23400115966797
1646412231,B,Pressure,101547.0
1646412231,B,Gas,4686.22998046875
1646412231,B,Accelerometer,0.0
1646412231,B,Light,642.0
1646412231,B,MIC,3.0
1646412231,B,RSSI,84.0
1646412231,A,Temperature,22.774999618530273
1646412231,A,Humidity,33.38199996948242
1646412231,A,Pressure,101591.0
1646412231,A,Gas,1281.322998046875
1646412231,A,Accelerometer,0.0
1646412231,A,Light,2172.0
1646412231,A,MIC,3.0
1646412231,A,RSSI,77.0
1646412233,H,Temperature,23.934999465942386
1646412233,H,Humidity,28.621999740600586
1646412233,H,Pressure,101604.0
1646412233,H,Gas,4483.22802734375
1646412233,H,Accelerometer,0.0
1646412233,H,Light,3565.0
1646412233,H,MIC,3.0
1646412233,H,RSSI,90.0
1646412234,D,Temperature,21.975000381469727
1646412234,D,Humidity,33.65200042724609
1646412234,D,Pressure,101619.0
1646412234,D,Gas,2608.23388671875
1646412234,D,Accelerometer,0.0
1646412234,D,Light,442.0
1646412234,D,MIC,3.0
1646412234,D,RSSI,57.0
1646412236,E,Temperature,22.125
1646412236,E,Humidity,33.10400009155273
1646412236,E,Pressure,101595.0
1646412236,E,Gas,2837.39111328125
1646412236,E,Accelerometer,0.0
1646412236,E,Light,3807.0
1646412236,E,MIC,3.0
1646412236,E,RSSI,79.0
1646412236,F,Temperature,21.795000076293945
1646412236,F,Humidity,33.325000762939446
1646412236,F,Pressure,101638.0
1646412236,F,Gas,851.7379760742188
1646412236,F,Accelerometer,0.0
1646412236,F,Light,148.0
1646412236,F,MIC,3.0
1646412236,F,RSSI,76.0
1646412237,C,Temperature,22.82500076293945
1646412237,C,Humidity,33.395999908447266
1646412237,C,Pressure,101609.0
1646412237,C,Gas,1136.6590576171875
1646412237,C,Accelerometer,0.0
1646412237,C,Light,1292.0
1646412237,C,MIC,3.0
1646412237,C,RSSI,75.0
1646412238,G,Temperature,23.0049991607666
1646412238,G,Humidity,33.261001586914055
1646412238,G,Pressure,101618.0
1646412238,G,Gas,1664.7530517578125
1646412238,G,Accelerometer,0.0
1646412238,G,Light,1466.0
1646412238,G,MIC,3.0
1646412238,G,RSSI,70.0
1646412240,A,Temperature,22.774999618530273
1646412240,A,Humidity,33.384998321533196
1646412240,A,Pressure,101593.0
1646412240,A,Gas,1278.4659423828125
1646412240,A,Accelerometer,0.0
1646412240,A,Light,2171.0
1646412240,A,MIC,3.0
1646412240,A,RSSI,77.0
1646412240,B,Temperature,22.9950008392334
1646412240,B,Humidity,32.21900177001953
1646412240,B,Pressure,101550.0
1646412240,B,Gas,4678.61376953125
1646412240,B,Accelerometer,0.0
1646412240,B,Light,641.0
1646412240,B,MIC,3.0
1646412240,B,RSSI,84.0
1646412243,H,Temperature,23.92499923706055
1646412243,H,Humidity,28.63400077819824
1646412243,H,Pressure,101600.0
1646412243,H,Gas,4470.83984375
1646412243,H,Accelerometer,0.0
1646412243,H,Light,3562.0
1646412243,H,MIC,3.0
1646412243,H,RSSI,78.0
1646412244,D,Temperature,21.96500015258789
1646412244,D,Humidity,33.660999298095696
1646412244,D,Pressure,101619.0
1646412244,D,Gas,2611.60498046875
1646412244,D,Accelerometer,0.0
1646412244,D,Light,448.0
1646412244,D,MIC,3.0
1646412244,D,RSSI,57.0
1646412246,E,Temperature,22.13500022888184
1646412246,E,Humidity,33.080001831054695
1646412246,E,Pressure,101595.0
1646412246,E,Gas,2842.666015625
1646412246,E,Accelerometer,0.0
1646412246,E,Light,3805.0
1646412246,E,MIC,3.0
1646412246,E,RSSI,79.0
1646412246,F,Temperature,21.795000076293945
1646412246,F,Humidity,33.323001861572266
1646412246,F,Pressure,101638.0
1646412246,F,Gas,854.3499755859375
1646412246,F,Accelerometer,0.0
1646412246,F,Light,148.0
1646412246,F,MIC,3.0
1646412246,F,RSSI,78.0
1646412246,C,Temperature,22.834999084472656
1646412246,C,Humidity,33.37099838256836
1646412246,C,Pressure,101607.0
1646412246,C,Gas,1122.5269775390623
1646412246,C,Accelerometer,0.0
1646412246,C,Light,1304.0
1646412246,C,MIC,3.0
1646412246,C,RSSI,75.0
1646412249,G,Temperature,23.01499938964844
1646412249,G,Humidity,33.220001220703125
1646412249,G,Pressure,101616.0
1646412249,G,Gas,1656.178955078125
1646412249,G,Accelerometer,0.0
1646412249,G,Light,1457.0
1646412249,G,MIC,3.0
1646412249,G,RSSI,75.0
1646412250,A,Temperature,22.774999618530273
1646412250,A,Humidity,33.37900161743164
1646412250,A,Pressure,101591.0
1646412250,A,Gas,1278.7869873046875
1646412250,A,Accelerometer,0.0
1646412250,A,Light,2168.0
1646412250,A,MIC,3.0
1646412250,A,RSSI,80.0
1646412251,B,Temperature,22.9950008392334
1646412251,B,Humidity,32.2239990234375
1646412251,B,Pressure,101547.0
1646412251,B,Gas,4670.01123046875
1646412251,B,Accelerometer,0.0
1646412251,B,Light,641.0
1646412251,B,MIC,3.0
1646412251,B,RSSI,84.0
1646412253,H,Temperature,23.915000915527344
1646412253,H,Humidity,28.636999130249023
1646412253,H,Pressure,101600.0
1646412253,H,Gas,4471.19384765625
1646412253,H,Accelerometer,0.0
1646412253,H,Light,3558.0
1646412253,H,MIC,3.0
1646412253,H,RSSI,78.0
1646412254,D,Temperature,21.975000381469727
1646412254,D,Humidity,33.65399932861328
1646412254,D,Pressure,101619.0
1646412254,D,Gas,2603.262939453125
1646412254,D,Accelerometer,0.0
1646412254,D,Light,453.0
1646412254,D,MIC,3.0
1646412254,D,RSSI,76.0
1646412256,E,Temperature,22.13500022888184
1646412256,E,Humidity,33.09299850463867
1646412256,E,Pressure,101595.0
1646412256,E,Gas,2860.534912109375
1646412256,E,Accelerometer,0.0
1646412256,E,Light,3809.0
1646412256,E,MIC,3.0
1646412256,E,RSSI,79.0
1646412256,F,Temperature,21.78499984741211
1646412256,F,Humidity,33.330001831054695
1646412256,F,Pressure,101636.0
1646412256,F,Gas,846.6339721679688
1646412256,F,Accelerometer,0.0
1646412256,F,Light,150.0
1646412256,F,MIC,3.0
1646412256,F,RSSI,78.0
1646412256,C,Temperature,22.834999084472656
1646412256,C,Humidity,33.375
1646412256,C,Pressure,101611.0
1646412256,C,Gas,1127.071044921875
1646412256,C,Accelerometer,0.0
1646412256,C,Light,1298.0
1646412256,C,MIC,3.0
1646412256,C,RSSI,75.0
1646412258,G,Temperature,23.024999618530273
1646412258,G,Humidity,33.209999084472656
1646412258,G,Pressure,101614.0
1646412258,G,Gas,1634.6729736328125
1646412258,G,Accelerometer,0.0
1646412258,G,Light,1460.0
1646412258,G,MIC,3.0
1646412258,G,RSSI,75.0
1646412260,B,Temperature,22.98500061035156
1646412260,B,Humidity,32.25400161743164
1646412260,B,Pressure,101547.0
1646412260,B,Gas,4666.77783203125
1646412260,B,Accelerometer,0.0
1646412260,B,Light,643.0
1646412260,B,MIC,3.0
1646412260,B,RSSI,84.0
1646412260,A,Temperature,22.774999618530273
1646412260,A,Humidity,33.37200164794922
1646412260,A,Pressure,101591.0
1646412260,A,Gas,1267.20703125
1646412260,A,Accelerometer,0.0
1646412260,A,Light,2164.0
1646412260,A,MIC,3.0
1646412260,A,RSSI,80.0
1646412263,H,Temperature,23.915000915527344
1646412263,H,Humidity,28.65699958801269
1646412263,H,Pressure,101602.0
1646412263,H,Gas,4460.421875
1646412263,H,Accelerometer,0.0
1646412263,H,Light,3564.0
1646412263,H,MIC,3.0
1646412263,H,RSSI,78.0
1646412264,D,Temperature,21.975000381469727
1646412264,D,Humidity,33.64699935913086
1646412264,D,Pressure,101617.0
1646412264,D,Gas,2601.381103515625
1646412264,D,Accelerometer,0.0
1646412264,D,Light,458.0
1646412264,D,MIC,3.0
1646412264,D,RSSI,76.0
1646412267,F,Temperature,21.78499984741211
1646412267,F,Humidity,33.326000213623054
1646412267,F,Pressure,101638.0
1646412267,F,Gas,844.4749755859375
1646412267,F,Accelerometer,0.0
1646412267,F,Light,151.0
1646412267,F,MIC,3.0
1646412267,F,RSSI,78.0
1646412267,C,Temperature,22.834999084472656
1646412267,C,Humidity,33.35599899291992
1646412267,C,Pressure,101607.0
1646412267,C,Gas,1126.14697265625
1646412267,C,Accelerometer,0.0
1646412267,C,Light,1312.0
1646412267,C,MIC,3.0
1646412267,C,RSSI,75.0
1646412268,G,Temperature,23.024999618530273
1646412268,G,Humidity,33.161998748779304
1646412268,G,Pressure,101613.0
1646412268,G,Gas,1612.115966796875
1646412268,G,Accelerometer,0.0
1646412268,G,Light,1460.0
1646412268,G,MIC,3.0
1646412268,G,RSSI,75.0
1646412269,E,Temperature,22.13500022888184
1646412269,E,Humidity,33.08100128173828
1646412269,E,Pressure,101593.0
1646412269,E,Gas,2841.52587890625
1646412269,E,Accelerometer,0.0
1646412269,E,Light,3805.0
1646412269,E,MIC,3.0
1646412269,E,RSSI,59.0
1646412270,B,Temperature,22.9950008392334
1646412270,B,Humidity,32.238998413085945
1646412270,B,Pressure,101547.0
1646412270,B,Gas,4656.5048828125
1646412270,B,Accelerometer,0.0
1646412270,B,Light,642.0
1646412270,B,MIC,3.0
1646412270,B,RSSI,84.0
1646412271,A,Temperature,22.774999618530273
1646412271,A,Humidity,33.37799835205078
1646412271,A,Pressure,101591.0
1646412271,A,Gas,1282.8719482421875
1646412271,A,Accelerometer,0.0
1646412271,A,Light,2170.0
1646412271,A,MIC,3.0
1646412271,A,RSSI,80.0
1646412273,H,Temperature,23.915000915527344
1646412273,H,Humidity,28.65200042724609
1646412273,H,Pressure,101602.0
1646412273,H,Gas,4450.8291015625
1646412273,H,Accelerometer,0.0
1646412273,H,Light,3560.0
1646412273,H,MIC,3.0
1646412273,H,RSSI,78.0
1646412274,D,Temperature,21.96500015258789
1646412274,D,Humidity,33.667999267578125
1646412274,D,Pressure,101619.0
1646412274,D,Gas,2580.06396484375
1646412274,D,Accelerometer,0.0
1646412274,D,Light,465.0
1646412274,D,MIC,3.0
1646412274,D,RSSI,76.0
1646412276,E,Temperature,22.13500022888184
1646412276,E,Humidity,33.076000213623054
1646412276,E,Pressure,101595.0
1646412276,E,Gas,2838.10009765625
1646412276,E,Accelerometer,0.0
1646412276,E,Light,3813.0
1646412276,E,MIC,3.0
1646412276,E,RSSI,59.0
1646412276,F,Temperature,21.78499984741211
1646412276,F,Humidity,33.33700180053711
1646412276,F,Pressure,101636.0
1646412276,F,Gas,841.7739868164062
1646412276,F,Accelerometer,0.0
1646412276,F,Light,152.0
1646412276,F,MIC,3.0
1646412276,F,RSSI,78.0
1646412277,C,Temperature,22.82500076293945
1646412277,C,Humidity,33.386001586914055
1646412277,C,Pressure,101605.0
1646412277,C,Gas,1122.427001953125
1646412277,C,Accelerometer,0.0
1646412277,C,Light,1313.0
1646412277,C,MIC,3.0
1646412277,C,RSSI,67.0
1646412279,G,Temperature,23.024999618530273
1646412279,G,Humidity,33.15800094604492
1646412279,G,Pressure,101614.0
1646412279,G,Gas,1619.1409912109375
1646412279,G,Accelerometer,0.0
1646412279,G,Light,1462.0
1646412279,G,MIC,3.0
1646412279,G,RSSI,75.0
1646412281,A,Temperature,22.78499984741211
1646412281,A,Humidity,33.35900115966797
1646412281,A,Pressure,101593.0
1646412281,A,Gas,1261.8160400390625
1646412281,A,Accelerometer,0.0
1646412281,A,Light,2162.0
1646412281,A,MIC,3.0
1646412281,A,RSSI,80.0
1646412281,B,Temperature,22.98500061035156
1646412281,B,Humidity,32.24100112915039
1646412281,B,Pressure,101545.0
1646412281,B,Gas,4650.3271484375
1646412281,B,Accelerometer,0.0
1646412281,B,Light,641.0
1646412281,B,MIC,3.0
1646412281,B,RSSI,87.0
1646412283,H,Temperature,23.915000915527344
1646412283,H,Humidity,28.64900016784668
1646412283,H,Pressure,101600.0
1646412283,H,Gas,4451.35986328125
1646412283,H,Accelerometer,0.0
1646412283,H,Light,3582.0
1646412283,H,MIC,3.0
1646412283,H,RSSI,78.0
1646412284,D,Temperature,21.96500015258789
1646412284,D,Humidity,33.665000915527344
1646412284,D,Pressure,101619.0
1646412284,D,Gas,2575.574951171875
1646412284,D,Accelerometer,0.0
1646412284,D,Light,470.0
1646412284,D,MIC,3.0
1646412284,D,RSSI,76.0
1646412286,E,Temperature,22.13500022888184
1646412286,E,Humidity,33.08599853515625
1646412286,E,Pressure,101593.0
1646412286,E,Gas,2835.7529296875
1646412286,E,Accelerometer,0.0
1646412286,E,Light,3841.0
1646412286,E,MIC,3.0
1646412286,E,RSSI,59.0
1646412287,F,Temperature,21.78499984741211
1646412287,F,Humidity,33.32899856567383
1646412287,F,Pressure,101638.0
1646412287,F,Gas,841.0260009765625
1646412287,F,Accelerometer,0.0
1646412287,F,Light,153.0
1646412287,F,MIC,3.0
1646412287,F,RSSI,78.0
1646412287,C,Temperature,22.834999084472656
1646412287,C,Humidity,33.365001678466804
1646412287,C,Pressure,101607.0
1646412287,C,Gas,1126.97705078125
1646412287,C,Accelerometer,0.0
1646412287,C,Light,1329.0
1646412287,C,MIC,3.0
1646412287,C,RSSI,67.0
1646412289,G,Temperature,23.024999618530273
1646412289,G,Humidity,33.10800170898437
1646412289,G,Pressure,101614.0
1646412289,G,Gas,1580.032958984375
1646412289,G,Accelerometer,0.0
1646412289,G,Light,1471.0
1646412289,G,MIC,3.0
1646412289,G,RSSI,75.0
1646412290,A,Temperature,22.78499984741211
1646412290,A,Humidity,33.35800170898437
1646412290,A,Pressure,101593.0
1646412290,A,Gas,1273.489990234375
1646412290,A,Accelerometer,0.0
1646412290,A,Light,2192.0
1646412290,A,MIC,3.0
1646412290,A,RSSI,80.0
1646412291,B,Temperature,22.98500061035156
1646412291,B,Humidity,32.215999603271484
1646412291,B,Pressure,101547.0
1646412291,B,Gas,4644.22705078125
1646412291,B,Accelerometer,0.0
1646412291,B,Light,648.0
1646412291,B,MIC,3.0
1646412291,B,RSSI,87.0
1646412293,H,Temperature,23.915000915527344
1646412293,H,Humidity,28.65399932861328
1646412293,H,Pressure,101602.0
1646412293,H,Gas,4446.87109375
1646412293,H,Accelerometer,0.0
1646412293,H,Light,3588.0
1646412293,H,MIC,3.0
1646412293,H,RSSI,91.0
1646412294,D,Temperature,21.96500015258789
1646412294,D,Humidity,33.63100051879883
1646412294,D,Pressure,101619.0
1646412294,D,Gas,2566.214111328125
1646412294,D,Accelerometer,0.0
1646412294,D,Light,476.0
1646412294,D,MIC,3.0
1646412294,D,RSSI,76.0
1646412296,E,Temperature,22.13500022888184
1646412296,E,Humidity,33.053001403808594
1646412296,E,Pressure,101593.0
1646412296,E,Gas,2809.72509765625
1646412296,E,Accelerometer,0.0
1646412296,E,Light,3850.0
1646412296,E,MIC,3.0
1646412296,E,RSSI,59.0
1646412296,F,Temperature,21.78499984741211
1646412296,F,Humidity,33.320999145507805
1646412296,F,Pressure,101636.0
1646412296,F,Gas,841.219970703125
1646412296,F,Accelerometer,0.0
1646412296,F,Light,153.0
1646412296,F,MIC,3.0
1646412296,F,RSSI,78.0
1646412296,C,Temperature,22.834999084472656
1646412296,C,Humidity,33.363998413085945
1646412296,C,Pressure,101607.0
1646412296,C,Gas,1133.2769775390625
1646412296,C,Accelerometer,0.0
1646412296,C,Light,1334.0
1646412296,C,MIC,3.0
1646412296,C,RSSI,67.0
1646412299,G,Temperature,23.024999618530273
1646412299,G,Humidity,33.14699935913086
1646412299,G,Pressure,101614.0
1646412299,G,Gas,1592.968994140625
1646412299,G,Accelerometer,0.0
1646412299,G,Light,1466.0
1646412299,G,MIC,3.0
1646412299,G,RSSI,70.0
1646412300,A,Temperature,22.78499984741211
1646412300,A,Humidity,33.36600112915039
1646412300,A,Pressure,101593.0
1646412300,A,Gas,1268.97900390625
1646412300,A,Accelerometer,0.0
1646412300,A,Light,2183.0
1646412300,A,MIC,3.0
1646412300,A,RSSI,79.0
1646412303,B,Temperature,22.9950008392334
1646412303,B,Humidity,32.22999954223633
1646412303,B,Pressure,101547.0
1646412303,B,Gas,4629.287109375
1646412303,B,Accelerometer,0.0
1646412303,B,Light,647.0
1646412303,B,MIC,3.0
1646412303,B,RSSI,87.0
1646412303,H,Temperature,23.90500068664551
1646412303,H,Humidity,28.660999298095703
1646412303,H,Pressure,101598.0
1646412303,H,Gas,4443.38916015625
1646412303,H,Accelerometer,0.0
1646412303,H,Light,3585.0
1646412303,H,MIC,3.0
1646412303,H,RSSI,91.0
1646412304,D,Temperature,21.96500015258789
1646412304,D,Humidity,33.660999298095696
1646412304,D,Pressure,101617.0
1646412304,D,Gas,2577.511962890625
1646412304,D,Accelerometer,0.0
1646412304,D,Light,484.0
1646412304,D,MIC,3.0
1646412304,D,RSSI,73.0
1646412306,E,Temperature,22.13500022888184
1646412306,E,Humidity,33.02899932861328
1646412306,E,Pressure,101595.0
1646412306,E,Gas,2797.784912109375
1646412306,E,Accelerometer,0.0
1646412306,E,Light,3849.0
1646412306,E,MIC,3.0
1646412306,E,RSSI,59.0
1646412306,F,Temperature,21.774999618530273
1646412306,F,Humidity,33.347000122070305
1646412306,F,Pressure,101638.0
1646412306,F,Gas,843.2410278320312
1646412306,F,Accelerometer,0.0
1646412306,F,Light,154.0
1646412306,F,MIC,3.0
1646412306,F,RSSI,78.0
1646412306,C,Temperature,22.834999084472656
1646412306,C,Humidity,33.36100006103516
1646412306,C,Pressure,101609.0
1646412306,C,Gas,1133.7530517578125
1646412306,C,Accelerometer,0.0
1646412306,C,Light,1347.0
1646412306,C,MIC,3.0
1646412306,C,RSSI,67.0
1646412308,G,Temperature,23.01499938964844
1646412308,G,Humidity,33.13199996948242
1646412308,G,Pressure,101616.0
1646412308,G,Gas,1598.7430419921875
1646412308,G,Accelerometer,0.0
1646412308,G,Light,1474.0
1646412308,G,MIC,3.0
1646412308,G,RSSI,70.0
1646412310,B,Temperature,22.98500061035156
1646412310,B,Humidity,32.23400115966797
1646412310,B,Pressure,101547.0
1646412310,B,Gas,4621.8251953125
1646412310,B,Accelerometer,0.0
1646412310,B,Light,647.0
1646412310,B,MIC,3.0
1646412310,B,RSSI,87.0
1646412311,A,Temperature,22.774999618530273
1646412311,A,Humidity,33.376998901367195
1646412311,A,Pressure,101591.0
1646412311,A,Gas,1257.0
1646412311,A,Accelerometer,0.0
1646412311,A,Light,2190.0
1646412311,A,MIC,3.0
1646412311,A,RSSI,79.0
1646412314,D,Temperature,21.95499992370605
1646412314,D,Humidity,33.65700149536133
1646412314,D,Pressure,101617.0
1646412314,D,Gas,2563.783935546875
1646412314,D,Accelerometer,0.0
1646412314,D,Light,492.0
1646412314,D,MIC,3.0
1646412314,D,RSSI,73.0
1646412316,H,Temperature,23.90500068664551
1646412316,H,Humidity,28.65099906921387
1646412316,H,Pressure,101598.0
1646412316,H,Gas,4450.00390625
1646412316,H,Accelerometer,0.0
1646412316,H,Light,3582.0
1646412316,H,MIC,3.0
1646412316,H,RSSI,91.0
1646412316,E,Temperature,22.13500022888184
1646412316,E,Humidity,33.05099868774414
1646412316,E,Pressure,101595.0
1646412316,E,Gas,2789.028076171875
1646412316,E,Accelerometer,0.0
1646412316,E,Light,3848.0
1646412316,E,MIC,3.0
1646412316,E,RSSI,60.0
1646412316,F,Temperature,21.78499984741211
1646412316,F,Humidity,33.33700180053711
1646412316,F,Pressure,101638.0
1646412316,F,Gas,851.947998046875
1646412316,F,Accelerometer,0.0
1646412316,F,Light,158.0
1646412316,F,MIC,3.0
1646412316,F,RSSI,78.0
1646412316,C,Temperature,22.834999084472656
1646412316,C,Humidity,33.362998962402344
1646412316,C,Pressure,101603.0
1646412316,C,Gas,1131.3280029296875
1646412316,C,Accelerometer,0.0
1646412316,C,Light,1351.0
1646412316,C,MIC,3.0
1646412316,C,RSSI,67.0
1646412319,G,Temperature,23.024999618530273
1646412319,G,Humidity,33.112998962402344
1646412319,G,Pressure,101618.0
1646412319,G,Gas,1592.4429931640625
1646412319,G,Accelerometer,0.0
1646412319,G,Light,1470.0
1646412319,G,MIC,3.0
1646412319,G,RSSI,70.0
1646412320,B,Temperature,22.97500038146973
1646412320,B,Humidity,32.261001586914055
1646412320,B,Pressure,101547.0
1646412320,B,Gas,4623.13720703125
1646412320,B,Accelerometer,0.0
1646412320,B,Light,648.0
1646412320,B,MIC,3.0
1646412320,B,RSSI,87.0
1646412321,A,Temperature,22.774999618530273
1646412321,A,Humidity,33.34600067138672
1646412321,A,Pressure,101589.0
1646412321,A,Gas,1271.176025390625
1646412321,A,Accelerometer,0.0
1646412321,A,Light,2182.0
1646412321,A,MIC,3.0
1646412321,A,RSSI,79.0
1646412323,H,Temperature,23.895000457763672
1646412323,H,Humidity,28.670000076293945
1646412323,H,Pressure,101602.0
1646412323,H,Gas,4451.77587890625
1646412323,H,Accelerometer,0.0
1646412323,H,Light,3582.0
1646412323,H,MIC,3.0
1646412323,H,RSSI,91.0
1646412324,D,Temperature,21.96500015258789
1646412324,D,Humidity,33.630001068115234
1646412324,D,Pressure,101617.0
1646412324,D,Gas,2552.054931640625
1646412324,D,Accelerometer,0.0
1646412324,D,Light,501.0
1646412324,D,MIC,3.0
1646412324,D,RSSI,73.0
1646412326,E,Temperature,22.125
1646412326,E,Humidity,33.05500030517578
1646412326,E,Pressure,101593.0
1646412326,E,Gas,2781.200927734375
1646412326,E,Accelerometer,0.0
1646412326,E,Light,3853.0
1646412326,E,MIC,3.0
1646412326,E,RSSI,60.0
1646412327,F,Temperature,21.78499984741211
1646412327,F,Humidity,33.327999114990234
1646412327,F,Pressure,101636.0
1646412327,F,Gas,860.760009765625
1646412327,F,Accelerometer,0.0
1646412327,F,Light,158.0
1646412327,F,MIC,3.0
1646412327,F,RSSI,78.0
1646412327,C,Temperature,22.82500076293945
1646412327,C,Humidity,33.35499954223633
1646412327,C,Pressure,101607.0
1646412327,C,Gas,1137.5830078125
1646412327,C,Accelerometer,0.0
1646412327,C,Light,1351.0
1646412327,C,MIC,3.0
1646412327,C,RSSI,67.0
1646412329,G,Temperature,23.024999618530273
1646412329,G,Humidity,33.090999603271484
1646412329,G,Pressure,101614.0
1646412329,G,Gas,1587.77099609375
1646412329,G,Accelerometer,0.0
1646412329,G,Light,1471.0
1646412329,G,MIC,3.0
1646412329,G,RSSI,70.0
1646412330,B,Temperature,22.9950008392334
1646412330,B,Humidity,32.21900177001953
1646412330,B,Pressure,101545.0
1646412330,B,Gas,4610.216796875
1646412330,B,Accelerometer,0.0
1646412330,B,Light,647.0
1646412330,B,MIC,3.0
1646412330,B,RSSI,89.0
1646412331,A,Temperature,22.78499984741211
1646412331,A,Humidity,33.320999145507805
1646412331,A,Pressure,101593.0
1646412331,A,Gas,1267.3570556640625
1646412331,A,Accelerometer,0.0
1646412331,A,Light,2188.0
1646412331,A,MIC,3.0
1646412331,A,RSSI,79.0
1646412334,H,Temperature,23.90500068664551
1646412334,H,Humidity,28.663000106811523
1646412334,H,Pressure,101600.0
1646412334,H,Gas,4443.68798828125
1646412334,H,Accelerometer,0.0
1646412334,H,Light,3588.0
1646412334,H,MIC,3.0
1646412334,H,RSSI,91.0
1646412335,D,Temperature,21.96500015258789
1646412335,D,Humidity,33.637001037597656
1646412335,D,Pressure,101617.0
1646412335,D,Gas,2544.470947265625
1646412335,D,Accelerometer,0.0
1646412335,D,Light,512.0
1646412335,D,MIC,3.0
1646412335,D,RSSI,73.0
1646412336,E,Temperature,22.125
1646412336,E,Humidity,33.06100082397461
1646412336,E,Pressure,101595.0
1646412336,E,Gas,2776.93798828125
1646412336,E,Accelerometer,0.0
1646412336,E,Light,3856.0
1646412336,E,MIC,3.0
1646412336,E,RSSI,60.0
1646412336,F,Temperature,21.795000076293945
1646412336,F,Humidity,33.307998657226555
1646412336,F,Pressure,101634.0
1646412336,F,Gas,859.6699829101562
1646412336,F,Accelerometer,0.0
1646412336,F,Light,160.0
1646412336,F,MIC,3.0
1646412336,F,RSSI,72.0
1646412337,C,Temperature,22.82500076293945
1646412337,C,Humidity,33.32699966430664
1646412337,C,Pressure,101607.0
1646412337,C,Gas,1132.5899658203125
1646412337,C,Accelerometer,0.0
1646412337,C,Light,1362.0
1646412337,C,MIC,3.0
1646412337,C,RSSI,76.0
1646412339,G,Temperature,23.024999618530273
1646412339,G,Humidity,33.09600067138672
1646412339,G,Pressure,101618.0
1646412339,G,Gas,1579.2080078125
1646412339,G,Accelerometer,0.0
1646412339,G,Light,1470.0
1646412339,G,MIC,3.0
1646412339,G,RSSI,70.0
1646412340,B,Temperature,22.98500061035156
1646412340,B,Humidity,32.24399948120117
1646412340,B,Pressure,101545.0
1646412340,B,Gas,4608.84423828125
1646412340,B,Accelerometer,0.0
1646412340,B,Light,648.0
1646412340,B,MIC,3.0
1646412340,B,RSSI,89.0
1646412341,A,Temperature,22.78499984741211
1646412341,A,Humidity,33.32899856567383
1646412341,A,Pressure,101591.0
1646412341,A,Gas,1272.7979736328125
1646412341,A,Accelerometer,0.0
1646412341,A,Light,2186.0
1646412341,A,MIC,3.0
1646412341,A,RSSI,79.0
1646412343,H,Temperature,23.92499923706055
1646412343,H,Humidity,28.60000038146973
1646412343,H,Pressure,101602.0
1646412343,H,Gas,4433.46923828125
1646412343,H,Accelerometer,0.0
1646412343,H,Light,3587.0
1646412343,H,MIC,3.0
1646412343,H,RSSI,79.0
1646412344,D,Temperature,21.975000381469727
1646412344,D,Humidity,33.625
1646412344,D,Pressure,101617.0
1646412344,D,Gas,2535.6201171875
1646412344,D,Accelerometer,0.0
1646412344,D,Light,518.0
1646412344,D,MIC,3.0
1646412344,D,RSSI,73.0
1646412346,E,Temperature,22.125
1646412346,E,Humidity,33.064998626708984
1646412346,E,Pressure,101593.0
1646412346,E,Gas,2770.239990234375
1646412346,E,Accelerometer,0.0
1646412346,E,Light,3865.0
1646412346,E,MIC,3.0
1646412346,E,RSSI,60.0
1646412347,F,Temperature,21.78499984741211
1646412347,F,Humidity,33.340999603271484
1646412347,F,Pressure,101636.0
1646412347,F,Gas,857.7210083007812
1646412347,F,Accelerometer,0.0
1646412347,F,Light,161.0
1646412347,F,MIC,3.0
1646412347,F,RSSI,72.0
1646412347,C,Temperature,22.82500076293945
1646412347,C,Humidity,33.34600067138672
1646412347,C,Pressure,101607.0
1646412347,C,Gas,1117.3509521484377
1646412347,C,Accelerometer,0.0
1646412347,C,Light,1366.0
1646412347,C,MIC,3.0
1646412347,C,RSSI,76.0
1646412349,G,Temperature,23.024999618530273
1646412349,G,Humidity,33.10599899291992
1646412349,G,Pressure,101614.0
1646412349,G,Gas,1569.0450439453125
1646412349,G,Accelerometer,0.0
1646412349,G,Light,1468.0
1646412349,G,MIC,3.0
1646412349,G,RSSI,76.0
1646412351,B,Temperature,22.9950008392334
1646412351,B,Humidity,32.19900131225586
1646412351,B,Pressure,101545.0
1646412351,B,Gas,4602.34521484375
1646412351,B,Accelerometer,0.0
1646412351,B,Light,647.0
1646412351,B,MIC,3.0
1646412351,B,RSSI,89.0
1646412351,A,Temperature,22.774999618530273
1646412351,A,Humidity,33.34600067138672
1646412351,A,Pressure,101589.0
1646412351,A,Gas,1280.7030029296875
1646412351,A,Accelerometer,0.0
1646412351,A,Light,2191.0
1646412351,A,MIC,3.0
1646412351,A,RSSI,76.0
1646412353,H,Temperature,23.92499923706055
1646412353,H,Humidity,28.608999252319336
1646412353,H,Pressure,101602.0
1646412353,H,Gas,4432.75
1646412353,H,Accelerometer,0.0
1646412353,H,Light,3587.0
1646412353,H,MIC,3.0
1646412353,H,RSSI,79.0
1646412354,D,Temperature,21.975000381469727
1646412354,D,Humidity,33.64500045776367
1646412354,D,Pressure,101619.0
1646412354,D,Gas,2534.18603515625
1646412354,D,Accelerometer,0.0
1646412354,D,Light,525.0
1646412354,D,MIC,3.0
1646412354,D,RSSI,54.0
1646412356,E,Temperature,22.114999771118164
1646412356,E,Humidity,33.06800079345703
1646412356,E,Pressure,101595.0
1646412356,E,Gas,2754.823974609375
1646412356,E,Accelerometer,0.0
1646412356,E,Light,3863.0
1646412356,E,MIC,3.0
1646412356,E,RSSI,60.0
1646412356,F,Temperature,21.795000076293945
1646412356,F,Humidity,33.32199859619141
1646412356,F,Pressure,101636.0
1646412356,F,Gas,853.2650146484375
1646412356,F,Accelerometer,0.0
1646412356,F,Light,163.0
1646412356,F,MIC,3.0
1646412356,F,RSSI,72.0
1646412357,C,Temperature,22.834999084472656
1646412357,C,Humidity,33.33700180053711
1646412357,C,Pressure,101605.0
1646412357,C,Gas,1122.7149658203123
1646412357,C,Accelerometer,0.0
1646412357,C,Light,1374.0
1646412357,C,MIC,3.0
1646412357,C,RSSI,76.0
1646412359,G,Temperature,23.01499938964844
1646412359,G,Humidity,33.123001098632805
1646412359,G,Pressure,101614.0
1646412359,G,Gas,1582.490966796875
1646412359,G,Accelerometer,0.0
1646412359,G,Light,1466.0
1646412359,G,MIC,3.0
1646412359,G,RSSI,76.0
1646412361,A,Temperature,22.78499984741211
1646412361,A,Humidity,33.326000213623054
1646412361,A,Pressure,101593.0
1646412361,A,Gas,1290.633056640625
1646412361,A,Accelerometer,0.0
1646412361,A,Light,2185.0
1646412361,A,MIC,3.0
1646412361,A,RSSI,76.0
1646412361,B,Temperature,23.0049991607666
1646412361,B,Humidity,32.191001892089844
1646412361,B,Pressure,101547.0
1646412361,B,Gas,4606.22607421875
1646412361,B,Accelerometer,0.0
1646412361,B,Light,647.0
1646412361,B,MIC,3.0
1646412361,B,RSSI,89.0
1646412363,H,Temperature,23.90500068664551
1646412363,H,Humidity,28.642000198364247
1646412363,H,Pressure,101600.0
1646412363,H,Gas,4418.30810546875
1646412363,H,Accelerometer,0.0
1646412363,H,Light,3584.0
1646412363,H,MIC,3.0
1646412363,H,RSSI,79.0
1646412365,D,Temperature,21.975000381469727
1646412365,D,Humidity,33.65399932861328
1646412365,D,Pressure,101617.0
1646412365,D,Gas,2565.256103515625
1646412365,D,Accelerometer,0.0
1646412365,D,Light,533.0
1646412365,D,MIC,3.0
1646412365,D,RSSI,54.0
1646412366,E,Temperature,22.114999771118164
1646412366,E,Humidity,33.089000701904304
1646412366,E,Pressure,101595.0
1646412366,E,Gas,2755.56005859375
1646412366,E,Accelerometer,0.0
1646412366,E,Light,3866.0
1646412366,E,MIC,3.0
1646412366,E,RSSI,75.0
1646412366,F,Temperature,21.78499984741211
1646412366,F,Humidity,33.320999145507805
1646412366,F,Pressure,101636.0
1646412366,F,Gas,851.9420166015625
1646412366,F,Accelerometer,0.0
1646412366,F,Light,164.0
1646412366,F,MIC,3.0
1646412366,F,RSSI,72.0
1646412367,C,Temperature,22.834999084472656
1646412367,C,Humidity,33.338001251220696
1646412367,C,Pressure,101609.0
1646412367,C,Gas,1124.6190185546877
1646412367,C,Accelerometer,0.0
1646412367,C,Light,1380.0
1646412367,C,MIC,3.0
1646412367,C,RSSI,76.0
1646412369,G,Temperature,23.01499938964844
1646412369,G,Humidity,33.12099838256836
1646412369,G,Pressure,101613.0
1646412369,G,Gas,1588.68505859375
1646412369,G,Accelerometer,0.0
1646412369,G,Light,1474.0
1646412369,G,MIC,3.0
1646412369,G,RSSI,76.0
1646412371,A,Temperature,22.78499984741211
1646412371,A,Humidity,33.334999084472656
1646412371,A,Pressure,101593.0
1646412371,A,Gas,1291.6519775390625
1646412371,A,Accelerometer,0.0
1646412371,A,Light,2189.0
1646412371,A,MIC,3.0
1646412371,A,RSSI,76.0
1646412371,B,Temperature,23.0049991607666
1646412371,B,Humidity,32.191001892089844
1646412371,B,Pressure,101545.0
1646412371,B,Gas,4610.97021484375
1646412371,B,Accelerometer,0.0
1646412371,B,Light,647.0
1646412371,B,MIC,3.0
1646412371,B,RSSI,89.0
1646412373,H,Temperature,23.895000457763672
1646412373,H,Humidity,28.64800071716309
1646412373,H,Pressure,101604.0
1646412373,H,Gas,4407.91796875
1646412373,H,Accelerometer,0.0
1646412373,H,Light,3590.0
1646412373,H,MIC,3.0
1646412373,H,RSSI,79.0
1646412375,D,Temperature,21.98500061035156
1646412375,D,Humidity,33.60900115966797
1646412375,D,Pressure,101617.0
1646412375,D,Gas,2565.22900390625
1646412375,D,Accelerometer,0.0
1646412375,D,Light,538.0
1646412375,D,MIC,3.0
1646412375,D,RSSI,54.0
1646412376,E,Temperature,22.114999771118164
1646412376,E,Humidity,33.082000732421875
1646412376,E,Pressure,101595.0
1646412376,E,Gas,2749.172119140625
1646412376,E,Accelerometer,0.0
1646412376,E,Light,3864.0
1646412376,E,MIC,3.0
1646412376,E,RSSI,75.0
1646412377,F,Temperature,21.795000076293945
1646412377,F,Humidity,33.290000915527344
1646412377,F,Pressure,101636.0
1646412377,F,Gas,840.31201171875
1646412377,F,Accelerometer,0.0
1646412377,F,Light,166.0
1646412377,F,MIC,3.0
1646412377,F,RSSI,72.0
1646412377,C,Temperature,22.834999084472656
1646412377,C,Humidity,33.347999572753906
1646412377,C,Pressure,101609.0
1646412377,C,Gas,1135.833984375
1646412377,C,Accelerometer,0.0
1646412377,C,Light,1383.0
1646412377,C,MIC,3.0
1646412377,C,RSSI,76.0
1646412380,G,Temperature,23.024999618530273
1646412380,G,Humidity,33.095001220703125
1646412380,G,Pressure,101616.0
1646412380,G,Gas,1587.7440185546875
1646412380,G,Accelerometer,0.0
1646412380,G,Light,1476.0
1646412380,G,MIC,3.0
1646412380,G,RSSI,76.0
1646412381,B,Temperature,23.0049991607666
1646412381,B,Humidity,32.189998626708984
1646412381,B,Pressure,101547.0
1646412381,B,Gas,4605.10791015625
1646412381,B,Accelerometer,0.0
1646412381,B,Light,645.0
1646412381,B,MIC,3.0
1646412381,B,RSSI,87.0
1646412381,A,Temperature,22.78499984741211
1646412381,A,Humidity,33.31999969482422
1646412381,A,Pressure,101591.0
1646412381,A,Gas,1280.0830078125
1646412381,A,Accelerometer,0.0
1646412381,A,Light,2184.0
1646412381,A,MIC,3.0
1646412381,A,RSSI,76.0
1646412383,H,Temperature,23.895000457763672
1646412383,H,Humidity,28.65200042724609
1646412383,H,Pressure,101602.0
1646412383,H,Gas,4390.86376953125
1646412383,H,Accelerometer,0.0
1646412383,H,Light,3592.0
1646412383,H,MIC,3.0
1646412383,H,RSSI,79.0
1646412385,D,Temperature,21.975000381469727
1646412385,D,Humidity,33.625
1646412385,D,Pressure,101617.0
1646412385,D,Gas,2563.673095703125
1646412385,D,Accelerometer,0.0
1646412385,D,Light,543.0
1646412385,D,MIC,3.0
1646412385,D,RSSI,54.0
1646412386,E,Temperature,22.125
1646412386,E,Humidity,33.076000213623054
1646412386,E,Pressure,101595.0
1646412386,E,Gas,2755.10693359375
1646412386,E,Accelerometer,0.0
1646412386,E,Light,3872.0
1646412386,E,MIC,3.0
1646412386,E,RSSI,75.0
1646412386,F,Temperature,21.78499984741211
1646412386,F,Humidity,33.32199859619141
1646412386,F,Pressure,101638.0
1646412386,F,Gas,831.9149780273438
1646412386,F,Accelerometer,0.0
1646412386,F,Light,168.0
1646412386,F,MIC,3.0
1646412386,F,RSSI,77.0
1646412387,C,Temperature,22.84499931335449
1646412387,C,Humidity,33.319000244140625
1646412387,C,Pressure,101605.0
1646412387,C,Gas,1135.4239501953125
1646412387,C,Accelerometer,0.0
1646412387,C,Light,1396.0
1646412387,C,MIC,3.0
1646412387,C,RSSI,81.0
1646412389,G,Temperature,23.024999618530273
1646412389,G,Humidity,33.10800170898437
1646412389,G,Pressure,101613.0
1646412389,G,Gas,1603.2259521484375
1646412389,G,Accelerometer,0.0
1646412389,G,Light,1481.0
1646412389,G,MIC,3.0
1646412389,G,RSSI,76.0
1646412391,B,Temperature,23.01499938964844
1646412391,B,Humidity,32.17200088500977
1646412391,B,Pressure,101547.0
1646412391,B,Gas,4613.2060546875
1646412391,B,Accelerometer,0.0
1646412391,B,Light,645.0
1646412391,B,MIC,3.0
1646412391,B,RSSI,87.0
1646412391,A,Temperature,22.774999618530273
1646412391,A,Humidity,33.32899856567383
1646412391,A,Pressure,101587.0
1646412391,A,Gas,1280.1820068359375
1646412391,A,Accelerometer,0.0
1646412391,A,Light,2187.0
1646412391,A,MIC,3.0
1646412391,A,RSSI,76.0
1646412393,H,Temperature,23.90500068664551
1646412393,H,Humidity,28.613000869750977
1646412393,H,Pressure,101602.0
1646412393,H,Gas,4382.48291015625
1646412393,H,Accelerometer,0.0
1646412393,H,Light,3596.0
1646412393,H,MIC,3.0
1646412393,H,RSSI,92.0
1646412395,D,Temperature,21.975000381469727
1646412395,D,Humidity,33.62400054931641
1646412395,D,Pressure,101617.0
1646412395,D,Gas,2554.0029296875
1646412395,D,Accelerometer,0.0
1646412395,D,Light,547.0
1646412395,D,MIC,3.0
1646412395,D,RSSI,54.0
1646412396,E,Temperature,22.125
1646412396,E,Humidity,33.09600067138672
1646412396,E,Pressure,101593.0
1646412396,E,Gas,2759.297119140625
1646412396,E,Accelerometer,0.0
1646412396,E,Light,3888.0
1646412396,E,MIC,3.0
1646412396,E,RSSI,75.0
1646412397,F,Temperature,21.795000076293945
1646412397,F,Humidity,33.292999267578125
1646412397,F,Pressure,101636.0
1646412397,F,Gas,830.5260009765625
1646412397,F,Accelerometer,0.0
1646412397,F,Light,170.0
1646412397,F,MIC,3.0
1646412397,F,RSSI,77.0
1646412397,C,Temperature,22.834999084472656
1646412397,C,Humidity,33.34000015258789
1646412397,C,Pressure,101603.0
1646412397,C,Gas,1141.281005859375
1646412397,C,Accelerometer,0.0
1646412397,C,Light,1403.0
1646412397,C,MIC,3.0
1646412397,C,RSSI,81.0
1646412399,G,Temperature,23.024999618530273
1646412399,G,Humidity,33.11199951171875
1646412399,G,Pressure,101616.0
1646412399,G,Gas,1605.60595703125
1646412399,G,Accelerometer,0.0
1646412399,G,Light,1481.0
1646412399,G,MIC,3.0
1646412399,G,RSSI,72.0
1646412401,B,Temperature,23.01499938964844
1646412401,B,Humidity,32.178001403808594
1646412401,B,Pressure,101543.0
1646412401,B,Gas,4607.0400390625
1646412401,B,Accelerometer,0.0
1646412401,B,Light,647.0
1646412401,B,MIC,3.0
1646412401,B,RSSI,87.0
1646412401,A,Temperature,22.78499984741211
1646412401,A,Humidity,33.299999237060554
1646412401,A,Pressure,101591.0
1646412401,A,Gas,1283.2769775390625
1646412401,A,Accelerometer,0.0
1646412401,A,Light,2193.0
1646412401,A,MIC,3.0
1646412401,A,RSSI,76.0
1646412403,H,Temperature,23.90500068664551
1646412403,H,Humidity,28.62299919128418
1646412403,H,Pressure,101600.0
1646412403,H,Gas,4383.125
1646412403,H,Accelerometer,0.0
1646412403,H,Light,3594.0
1646412403,H,MIC,3.0
1646412403,H,RSSI,92.0
1646412405,D,Temperature,21.96500015258789
1646412405,D,Humidity,33.626998901367195
1646412405,D,Pressure,101617.0
1646412405,D,Gas,2552.452880859375
1646412405,D,Accelerometer,0.0
1646412405,D,Light,550.0
1646412405,D,MIC,3.0
1646412405,D,RSSI,54.0
1646412406,E,Temperature,22.114999771118164
1646412406,E,Humidity,33.10300064086914
1646412406,E,Pressure,101595.0
1646412406,E,Gas,2767.43896484375
1646412406,E,Accelerometer,0.0
1646412406,E,Light,3883.0
1646412406,E,MIC,3.0
1646412406,E,RSSI,75.0
1646412407,F,Temperature,21.78499984741211
1646412407,F,Humidity,33.32199859619141
1646412407,F,Pressure,101636.0
1646412407,F,Gas,837.9039916992188
1646412407,F,Accelerometer,0.0
1646412407,F,Light,173.0
1646412407,F,MIC,3.0
1646412407,F,RSSI,77.0
1646412407,C,Temperature,22.84499931335449
1646412407,C,Humidity,33.326000213623054
1646412407,C,Pressure,101607.0
1646412407,C,Gas,1139.487060546875
1646412407,C,Accelerometer,0.0
1646412407,C,Light,1410.0
1646412407,C,MIC,3.0
1646412407,C,RSSI,81.0
1646412409,G,Temperature,23.024999618530273
1646412409,G,Humidity,33.09400177001953
1646412409,G,Pressure,101614.0
1646412409,G,Gas,1606.06005859375
1646412409,G,Accelerometer,0.0
1646412409,G,Light,1477.0
1646412409,G,MIC,3.0
1646412409,G,RSSI,72.0
1646412411,A,Temperature,22.78499984741211
1646412411,A,Humidity,33.327999114990234
1646412411,A,Pressure,101593.0
1646412411,A,Gas,1280.7359619140625
1646412411,A,Accelerometer,0.0
1646412411,A,Light,2195.0
1646412411,A,MIC,3.0
1646412411,A,RSSI,76.0
1646412411,B,Temperature,23.01499938964844
1646412411,B,Humidity,32.167999267578125
1646412411,B,Pressure,101547.0
1646412411,B,Gas,4603.0927734375
1646412411,B,Accelerometer,0.0
1646412411,B,Light,650.0
1646412411,B,MIC,3.0
1646412411,B,RSSI,87.0
1646412413,H,Temperature,23.915000915527344
1646412413,H,Humidity,28.586000442504893
1646412413,H,Pressure,101600.0
1646412413,H,Gas,4376.73095703125
1646412413,H,Accelerometer,0.0
1646412413,H,Light,3594.0
1646412413,H,MIC,3.0
1646412413,H,RSSI,92.0
1646412415,D,Temperature,21.975000381469727
1646412415,D,Humidity,33.623001098632805
1646412415,D,Pressure,101619.0
1646412415,D,Gas,2540.98388671875
1646412415,D,Accelerometer,0.0
1646412415,D,Light,553.0
1646412415,D,MIC,3.0
1646412415,D,RSSI,54.0
1646412416,E,Temperature,22.114999771118164
1646412416,E,Humidity,33.0989990234375
1646412416,E,Pressure,101593.0
1646412416,E,Gas,2763.5869140625
1646412416,E,Accelerometer,0.0
1646412416,E,Light,3893.0
1646412416,E,MIC,3.0
1646412416,E,RSSI,79.0
1646412417,F,Temperature,21.78499984741211
1646412417,F,Humidity,33.34000015258789
1646412417,F,Pressure,101636.0
1646412417,F,Gas,844.4860229492188
1646412417,F,Accelerometer,0.0
1646412417,F,Light,174.0
1646412417,F,MIC,3.0
1646412417,F,RSSI,77.0
1646412417,C,Temperature,22.84499931335449
1646412417,C,Humidity,33.332000732421875
1646412417,C,Pressure,101605.0
1646412417,C,Gas,1139.6810302734375
1646412417,C,Accelerometer,0.0
1646412417,C,Light,1415.0
1646412417,C,MIC,3.0
1646412417,C,RSSI,81.0
1646412419,G,Temperature,23.01499938964844
1646412419,G,Humidity,33.09400177001953
1646412419,G,Pressure,101614.0
1646412419,G,Gas,1602.2960205078125
1646412419,G,Accelerometer,0.0
1646412419,G,Light,1483.0
1646412419,G,MIC,3.0
1646412419,G,RSSI,72.0
1646412421,B,Temperature,23.01499938964844
1646412421,B,Humidity,32.16899871826172
1646412421,B,Pressure,101547.0
1646412421,B,Gas,4602.73876953125
1646412421,B,Accelerometer,0.0
1646412421,B,Light,648.0
1646412421,B,MIC,3.0
1646412421,B,RSSI,87.0
1646412422,A,Temperature,22.78499984741211
1646412422,A,Humidity,33.338001251220696
1646412422,A,Pressure,101589.0
1646412422,A,Gas,1287.012939453125
1646412422,A,Accelerometer,0.0
1646412422,A,Light,2186.0
1646412422,A,MIC,3.0
1646412422,A,RSSI,76.0
1646412423,H,Temperature,23.895000457763672
1646412423,H,Humidity,28.607999801635746
1646412423,H,Pressure,101602.0
1646412423,H,Gas,4380.72802734375
1646412423,H,Accelerometer,0.0
1646412423,H,Light,3593.0
1646412423,H,MIC,3.0
1646412423,H,RSSI,92.0
1646412425,D,Temperature,21.975000381469727
1646412425,D,Humidity,33.61199951171875
1646412425,D,Pressure,101615.0
1646412425,D,Gas,2560.77294921875
1646412425,D,Accelerometer,0.0
1646412425,D,Light,557.0
1646412425,D,MIC,3.0
1646412425,D,RSSI,54.0
1646412426,E,Temperature,22.104999542236328
1646412426,E,Humidity,33.10499954223633
1646412426,E,Pressure,101595.0
1646412426,E,Gas,2760.990966796875
1646412426,E,Accelerometer,0.0
1646412426,E,Light,3890.0
1646412426,E,MIC,3.0
1646412426,E,RSSI,79.0
1646412428,F,Temperature,21.78499984741211
1646412428,F,Humidity,33.323001861572266
1646412428,F,Pressure,101634.0
1646412428,F,Gas,834.926025390625
1646412428,F,Accelerometer,0.0
1646412428,F,Light,175.0
1646412428,F,MIC,3.0
1646412428,F,RSSI,77.0
1646412429,C,Temperature,22.82500076293945
1646412429,C,Humidity,33.35400009155273
1646412429,C,Pressure,101603.0
1646412429,C,Gas,1127.2760009765625
1646412429,C,Accelerometer,0.0
1646412429,C,Light,1419.0
1646412429,C,MIC,3.0
1646412429,C,RSSI,76.0
1646412431,A,Temperature,22.78499984741211
1646412431,A,Humidity,33.34299850463867
1646412431,A,Pressure,101591.0
1646412431,A,Gas,1288.1419677734375
1646412431,A,Accelerometer,0.0
1646412431,A,Light,2182.0
1646412431,A,MIC,3.0
1646412431,A,RSSI,76.0
1646412433,G,Temperature,23.01499938964844
1646412433,G,Humidity,33.10800170898437
1646412433,G,Pressure,101614.0
1646412433,G,Gas,1608.241943359375
1646412433,G,Accelerometer,0.0
1646412433,G,Light,1478.0
1646412433,G,MIC,3.0
1646412433,G,RSSI,72.0
1646412433,B,Temperature,23.01499938964844
1646412433,B,Humidity,32.14699935913086
1646412433,B,Pressure,101547.0
1646412433,B,Gas,4601.244140625
1646412433,B,Accelerometer,0.0
1646412433,B,Light,647.0
1646412433,B,MIC,3.0
1646412433,B,RSSI,84.0
1646412433,H,Temperature,23.88500022888184
1646412433,H,Humidity,28.645999908447266
1646412433,H,Pressure,101598.0
1646412433,H,Gas,4379.93603515625
1646412433,H,Accelerometer,0.0
1646412433,H,Light,3596.0
1646412433,H,MIC,3.0
1646412433,H,RSSI,92.0
1646412435,D,Temperature,21.975000381469727
1646412435,D,Humidity,33.617000579833984
1646412435,D,Pressure,101615.0
1646412435,D,Gas,2572.00390625
1646412435,D,Accelerometer,0.0
1646412435,D,Light,559.0
1646412435,D,MIC,3.0
1646412435,D,RSSI,54.0
1646412436,E,Temperature,22.104999542236328
1646412436,E,Humidity,33.11100006103516
1646412436,E,Pressure,101593.0
1646412436,E,Gas,2771.10400390625
1646412436,E,Accelerometer,0.0
1646412436,E,Light,3892.0
1646412436,E,MIC,3.0
1646412436,E,RSSI,79.0
1646412437,F,Temperature,21.78499984741211
1646412437,F,Humidity,33.32699966430664
1646412437,F,Pressure,101636.0
1646412437,F,Gas,834.14599609375
1646412437,F,Accelerometer,0.0
1646412437,F,Light,179.0
1646412437,F,MIC,3.0
1646412437,F,RSSI,79.0
1646412437,C,Temperature,22.834999084472656
1646412437,C,Humidity,33.323001861572266
1646412437,C,Pressure,101603.0
1646412437,C,Gas,1123.4959716796877
1646412437,C,Accelerometer,0.0
1646412437,C,Light,1424.0
1646412437,C,MIC,3.0
1646412437,C,RSSI,76.0
1646412439,G,Temperature,23.024999618530273
1646412439,G,Humidity,33.097000122070305
1646412439,G,Pressure,101614.0
1646412439,G,Gas,1598.3499755859375
1646412439,G,Accelerometer,0.0
1646412439,G,Light,1474.0
1646412439,G,MIC,3.0
1646412439,G,RSSI,72.0
1646412442,A,Temperature,22.774999618530273
1646412442,A,Humidity,33.351001739501946
1646412442,A,Pressure,101587.0
1646412442,A,Gas,1292.4930419921875
1646412442,A,Accelerometer,0.0
1646412442,A,Light,2186.0
1646412442,A,MIC,3.0
1646412442,A,RSSI,76.0
1646412443,B,Temperature,23.0049991607666
1646412443,B,Humidity,32.17100143432617
1646412443,B,Pressure,101543.0
1646412443,B,Gas,4600.93408203125
1646412443,B,Accelerometer,0.0
1646412443,B,Light,650.0
1646412443,B,MIC,3.0
1646412443,B,RSSI,84.0
1646412443,H,Temperature,23.895000457763672
1646412443,H,Humidity,28.613000869750977
1646412443,H,Pressure,101600.0
1646412443,H,Gas,4364.033203125
1646412443,H,Accelerometer,0.0
1646412443,H,Light,3597.0
1646412443,H,MIC,3.0
1646412443,H,RSSI,78.0
1646412445,D,Temperature,21.975000381469727
1646412445,D,Humidity,33.59199905395508
1646412445,D,Pressure,101615.0
1646412445,D,Gas,2551.385009765625
1646412445,D,Accelerometer,0.0
1646412445,D,Light,563.0
1646412445,D,MIC,3.0
1646412445,D,RSSI,54.0
1646412446,E,Temperature,22.104999542236328
1646412446,E,Humidity,33.097000122070305
1646412446,E,Pressure,101591.0
1646412446,E,Gas,2763.741943359375
1646412446,E,Accelerometer,0.0
1646412446,E,Light,3895.0
1646412446,E,MIC,3.0
1646412446,E,RSSI,79.0
1646412447,F,Temperature,21.78499984741211
1646412447,F,Humidity,33.339000701904304
1646412447,F,Pressure,101636.0
1646412447,F,Gas,830.635986328125
1646412447,F,Accelerometer,0.0
1646412447,F,Light,180.0
1646412447,F,MIC,3.0
1646412447,F,RSSI,79.0
1646412447,C,Temperature,22.84499931335449
1646412447,C,Humidity,33.310001373291016
1646412447,C,Pressure,101607.0
1646412447,C,Gas,1115.7679443359377
1646412447,C,Accelerometer,0.0
1646412447,C,Light,1434.0
1646412447,C,MIC,3.0
1646412447,C,RSSI,76.0
1646412449,G,Temperature,23.024999618530273
1646412449,G,Humidity,33.10300064086914
1646412449,G,Pressure,101618.0
1646412449,G,Gas,1599.52294921875
1646412449,G,Accelerometer,0.0
1646412449,G,Light,1471.0
1646412449,G,MIC,3.0
1646412449,G,RSSI,70.0
1646412451,B,Temperature,23.0049991607666
1646412451,B,Humidity,32.17699813842773
1646412451,B,Pressure,101545.0
1646412451,B,Gas,4599.18505859375
1646412451,B,Accelerometer,0.0
1646412451,B,Light,648.0
1646412451,B,MIC,3.0
1646412451,B,RSSI,84.0
1646412451,A,Temperature,22.78499984741211
1646412451,A,Humidity,33.35900115966797
1646412451,A,Pressure,101591.0
1646412451,A,Gas,1289.759033203125
1646412451,A,Accelerometer,0.0
1646412451,A,Light,2194.0
1646412451,A,MIC,3.0
1646412451,A,RSSI,81.0
1646412454,H,Temperature,23.895000457763672
1646412454,H,Humidity,28.601999282836914
1646412454,H,Pressure,101600.0
1646412454,H,Gas,4359.2451171875
1646412454,H,Accelerometer,0.0
1646412454,H,Light,3602.0
1646412454,H,MIC,3.0
1646412454,H,RSSI,78.0
1646412455,D,Temperature,21.975000381469727
1646412455,D,Humidity,33.613998413085945
1646412455,D,Pressure,101615.0
1646412455,D,Gas,2543.884033203125
1646412455,D,Accelerometer,0.0
1646412455,D,Light,566.0
1646412455,D,MIC,3.0
1646412455,D,RSSI,57.0
1646412456,E,Temperature,22.114999771118164
1646412456,E,Humidity,33.09400177001953
1646412456,E,Pressure,101593.0
1646412456,E,Gas,2771.66796875
1646412456,E,Accelerometer,0.0
1646412456,E,Light,3900.0
1646412456,E,MIC,3.0
1646412456,E,RSSI,79.0
1646412457,F,Temperature,21.78499984741211
1646412457,F,Humidity,33.31399917602539
1646412457,F,Pressure,101634.0
1646412457,F,Gas,840.135009765625
1646412457,F,Accelerometer,0.0
1646412457,F,Light,181.0
1646412457,F,MIC,3.0
1646412457,F,RSSI,79.0
1646412457,C,Temperature,22.84499931335449
1646412457,C,Humidity,33.28799819946289
1646412457,C,Pressure,101605.0
1646412457,C,Gas,1120.3349609375
1646412457,C,Accelerometer,0.0
1646412457,C,Light,1441.0
1646412457,C,MIC,3.0
1646412457,C,RSSI,76.0
1646412459,G,Temperature,23.024999618530273
1646412459,G,Humidity,33.095001220703125
1646412459,G,Pressure,101616.0
1646412459,G,Gas,1600.10400390625
1646412459,G,Accelerometer,0.0
1646412459,G,Light,1476.0
1646412459,G,MIC,3.0
1646412459,G,RSSI,70.0
1646412461,A,Temperature,22.774999618530273
1646412461,A,Humidity,33.360000610351555
1646412461,A,Pressure,101589.0
1646412461,A,Gas,1290.47802734375
1646412461,A,Accelerometer,0.0
1646412461,A,Light,2195.0
1646412461,A,MIC,3.0
1646412461,A,RSSI,81.0
1646412465,B,Temperature,23.01499938964844
1646412465,B,Humidity,32.15999984741211
1646412465,B,Pressure,101545.0
1646412465,B,Gas,4598.1279296875
1646412465,B,Accelerometer,0.0
1646412465,B,Light,651.0
1646412465,B,MIC,3.0
1646412465,B,RSSI,84.0
1646412465,D,Temperature,21.975000381469727
1646412465,D,Humidity,33.602001190185554
1646412465,D,Pressure,101615.0
1646412465,D,Gas,2541.864013671875
1646412465,D,Accelerometer,0.0
1646412465,D,Light,566.0
1646412465,D,MIC,3.0
1646412465,D,RSSI,57.0
1646412465,H,Temperature,23.915000915527344
1646412465,H,Humidity,28.548999786376953
1646412465,H,Pressure,101600.0
1646412465,H,Gas,4372.3310546875
1646412465,H,Accelerometer,0.0
1646412465,H,Light,3610.0
1646412465,H,MIC,3.0
1646412465,H,RSSI,78.0
1646412466,E,Temperature,22.125
1646412466,E,Humidity,33.083999633789055
1646412466,E,Pressure,101593.0
1646412466,E,Gas,2773.196044921875
1646412466,E,Accelerometer,0.0
1646412466,E,Light,3911.0
1646412466,E,MIC,3.0
1646412466,E,RSSI,61.0
1646412467,F,Temperature,21.795000076293945
1646412467,F,Humidity,33.31399917602539
1646412467,F,Pressure,101634.0
1646412467,F,Gas,846.8939819335938
1646412467,F,Accelerometer,0.0
1646412467,F,Light,182.0
1646412467,F,MIC,3.0
1646412467,F,RSSI,79.0
1646412467,C,Temperature,22.84499931335449
1646412467,C,Humidity,33.285999298095696
1646412467,C,Pressure,101605.0
1646412467,C,Gas,1114.550048828125
1646412467,C,Accelerometer,0.0
1646412467,C,Light,1442.0
1646412467,C,MIC,3.0
1646412467,C,RSSI,76.0
1646412469,G,Temperature,23.01499938964844
1646412469,G,Humidity,33.09299850463867
1646412469,G,Pressure,101614.0
1646412469,G,Gas,1582.761962890625
1646412469,G,Accelerometer,0.0
1646412469,G,Light,1485.0
1646412469,G,MIC,3.0
1646412469,G,RSSI,70.0
1646412471,A,Temperature,22.774999618530273
1646412471,A,Humidity,33.332000732421875
1646412471,A,Pressure,101585.0
1646412471,A,Gas,1285.9830322265625
1646412471,A,Accelerometer,0.0
1646412471,A,Light,2188.0
1646412471,A,MIC,3.0
1646412471,A,RSSI,81.0
1646412473,B,Temperature,23.024999618530273
1646412473,B,Humidity,32.14699935913086
1646412473,B,Pressure,101545.0
1646412473,B,Gas,4607.2060546875
1646412473,B,Accelerometer,0.0
1646412473,B,Light,648.0
1646412473,B,MIC,3.0
1646412473,B,RSSI,84.0
1646412474,H,Temperature,23.92499923706055
1646412474,H,Humidity,28.54599952697754
1646412474,H,Pressure,101598.0
1646412474,H,Gas,4370.18310546875
1646412474,H,Accelerometer,0.0
1646412474,H,Light,3607.0
1646412474,H,MIC,3.0
1646412474,H,RSSI,78.0
1646412475,D,Temperature,21.975000381469727
1646412475,D,Humidity,33.60599899291992
1646412475,D,Pressure,101615.0
1646412475,D,Gas,2537.778076171875
1646412475,D,Accelerometer,0.0
1646412475,D,Light,567.0
1646412475,D,MIC,3.0
1646412475,D,RSSI,57.0
1646412476,E,Temperature,22.13500022888184
1646412476,E,Humidity,33.041000366210945
1646412476,E,Pressure,101593.0
1646412476,E,Gas,2772.54296875
1646412476,E,Accelerometer,0.0
1646412476,E,Light,3909.0
1646412476,E,MIC,3.0
1646412476,E,RSSI,61.0
1646412477,F,Temperature,21.78499984741211
1646412477,F,Humidity,33.33100128173828
1646412477,F,Pressure,101632.0
1646412477,F,Gas,841.8679809570312
1646412477,F,Accelerometer,0.0
1646412477,F,Light,183.0
1646412477,F,MIC,3.0
1646412477,F,RSSI,79.0
1646412477,C,Temperature,22.854999542236328
1646412477,C,Humidity,33.291000366210945
1646412477,C,Pressure,101605.0
1646412477,C,Gas,1108.864990234375
1646412477,C,Accelerometer,0.0
1646412477,C,Light,1448.0
1646412477,C,MIC,3.0
1646412477,C,RSSI,76.0
1646412479,G,Temperature,23.01499938964844
1646412479,G,Humidity,33.11100006103516
1646412479,G,Pressure,101613.0
1646412479,G,Gas,1582.4239501953125
1646412479,G,Accelerometer,0.0
1646412479,G,Light,1477.0
1646412479,G,MIC,3.0
1646412479,G,RSSI,70.0
1646412481,B,Temperature,23.024999618530273
1646412481,B,Humidity,32.147998809814446
1646412481,B,Pressure,101545.0
1646412481,B,Gas,4611.86083984375
1646412481,B,Accelerometer,0.0
1646412481,B,Light,648.0
1646412481,B,MIC,3.0
1646412481,B,RSSI,90.0
1646412481,A,Temperature,22.774999618530273
1646412481,A,Humidity,33.332000732421875
1646412481,A,Pressure,101587.0
1646412481,A,Gas,1294.508056640625
1646412481,A,Accelerometer,0.0
1646412481,A,Light,2193.0
1646412481,A,MIC,3.0
1646412481,A,RSSI,81.0
1646412483,H,Temperature,23.92499923706055
1646412483,H,Humidity,28.57900047302246
1646412483,H,Pressure,101598.0
1646412483,H,Gas,4375.47998046875
1646412483,H,Accelerometer,0.0
1646412483,H,Light,3612.0
1646412483,H,MIC,3.0
1646412483,H,RSSI,78.0
1646412485,D,Temperature,21.975000381469727
1646412485,D,Humidity,33.5989990234375
1646412485,D,Pressure,101613.0
1646412485,D,Gas,2536.666015625
1646412485,D,Accelerometer,0.0
1646412485,D,Light,565.0
1646412485,D,MIC,3.0
1646412485,D,RSSI,57.0
1646412486,E,Temperature,22.125
1646412486,E,Humidity,33.03799819946289
1646412486,E,Pressure,101591.0
1646412486,E,Gas,2762.2529296875
1646412486,E,Accelerometer,0.0
1646412486,E,Light,3917.0
1646412486,E,MIC,3.0
1646412486,E,RSSI,61.0
1646412487,F,Temperature,21.78499984741211
1646412487,F,Humidity,33.32400131225586
1646412487,F,Pressure,101634.0
1646412487,F,Gas,836.0889892578125
1646412487,F,Accelerometer,0.0
1646412487,F,Light,185.0
1646412487,F,MIC,3.0
1646412487,F,RSSI,78.0
1646412487,C,Temperature,22.854999542236328
1646412487,C,Humidity,33.29399871826172
1646412487,C,Pressure,101607.0
1646412487,C,Gas,1116.864013671875
1646412487,C,Accelerometer,0.0
1646412487,C,Light,1447.0
1646412487,C,MIC,3.0
1646412487,C,RSSI,67.0
1646412489,G,Temperature,23.024999618530273
1646412489,G,Humidity,33.110000610351555
1646412489,G,Pressure,101613.0
1646412489,G,Gas,1580.3819580078125
1646412489,G,Accelerometer,0.0
1646412489,G,Light,1472.0
1646412489,G,MIC,3.0
1646412489,G,RSSI,70.0
1646412491,A,Temperature,22.78499984741211
1646412491,A,Humidity,33.320999145507805
1646412491,A,Pressure,101589.0
1646412491,A,Gas,1292.083984375
1646412491,A,Accelerometer,0.0
1646412491,A,Light,2190.0
1646412491,A,MIC,3.0
1646412491,A,RSSI,81.0
1646412491,B,Temperature,23.024999618530273
1646412491,B,Humidity,32.137001037597656
1646412491,B,Pressure,101543.0
1646412491,B,Gas,4621.99609375
1646412491,B,Accelerometer,0.0
1646412491,B,Light,647.0
1646412491,B,MIC,3.0
1646412491,B,RSSI,90.0
1646412493,H,Temperature,23.92499923706055
1646412493,H,Humidity,28.5939998626709
1646412493,H,Pressure,101598.0
1646412493,H,Gas,4393.5478515625
1646412493,H,Accelerometer,0.0
1646412493,H,Light,3614.0
1646412493,H,MIC,3.0
1646412493,H,RSSI,93.0
1646412495,D,Temperature,21.975000381469727
1646412495,D,Humidity,33.613998413085945
1646412495,D,Pressure,101613.0
1646412495,D,Gas,2545.887939453125
1646412495,D,Accelerometer,0.0
1646412495,D,Light,561.0
1646412495,D,MIC,3.0
1646412495,D,RSSI,57.0
1646412496,E,Temperature,22.125
1646412496,E,Humidity,33.054000854492195
1646412496,E,Pressure,101591.0
1646412496,E,Gas,2753.47900390625
1646412496,E,Accelerometer,0.0
1646412496,E,Light,3915.0
1646412496,E,MIC,3.0
1646412496,E,RSSI,61.0
1646412497,F,Temperature,21.78499984741211
1646412497,F,Humidity,33.333999633789055
1646412497,F,Pressure,101634.0
1646412497,F,Gas,836.6810302734375
1646412497,F,Accelerometer,0.0
1646412497,F,Light,186.0
1646412497,F,MIC,3.0
1646412497,F,RSSI,78.0
1646412497,C,Temperature,22.864999771118164
1646412497,C,Humidity,33.27899932861328
1646412497,C,Pressure,101607.0
1646412497,C,Gas,1130.7750244140625
1646412497,C,Accelerometer,0.0
1646412497,C,Light,1451.0
1646412497,C,MIC,3.0
1646412497,C,RSSI,67.0
1646412501,A,Temperature,22.78499984741211
1646412501,A,Humidity,33.338001251220696
1646412501,A,Pressure,101591.0
1646412501,A,Gas,1296.10205078125
1646412501,A,Accelerometer,0.0
1646412501,A,Light,2192.0
1646412501,A,MIC,3.0
1646412501,A,RSSI,80.0
1646412504,G,Temperature,23.024999618530273
1646412504,G,Humidity,33.10599899291992
1646412504,G,Pressure,101611.0
1646412504,G,Gas,1574.281982421875
1646412504,G,Accelerometer,0.0
1646412504,G,Light,1478.0
1646412504,G,MIC,3.0
1646412504,G,RSSI,76.0
1646412504,B,Temperature,23.024999618530273
1646412504,B,Humidity,32.14699935913086
1646412504,B,Pressure,101545.0
1646412504,B,Gas,4621.33203125
1646412504,B,Accelerometer,0.0
1646412504,B,Light,650.0
1646412504,B,MIC,3.0
1646412504,B,RSSI,90.0
1646412505,D,Temperature,21.975000381469727
1646412505,D,Humidity,33.61800003051758
1646412505,D,Pressure,101611.0
1646412505,D,Gas,2549.81298828125
1646412505,D,Accelerometer,0.0
1646412505,D,Light,559.0
1646412505,D,MIC,3.0
1646412505,D,RSSI,53.0
1646412506,E,Temperature,22.13500022888184
1646412506,E,Humidity,33.027999877929695
1646412506,E,Pressure,101591.0
1646412506,E,Gas,2751.385986328125
1646412506,E,Accelerometer,0.0
1646412506,E,Light,3925.0
1646412506,E,MIC,3.0
1646412506,E,RSSI,61.0
1646412508,H,Temperature,23.934999465942386
1646412508,H,Humidity,28.584999084472656
1646412508,H,Pressure,101598.0
1646412508,H,Gas,4382.919921875
1646412508,H,Accelerometer,0.0
1646412508,H,Light,3613.0
1646412508,H,MIC,3.0
1646412508,H,RSSI,93.0
1646412509,F,Temperature,21.78499984741211
1646412509,F,Humidity,33.30599975585937
1646412509,F,Pressure,101634.0
1646412509,F,Gas,847.8679809570312
1646412509,F,Accelerometer,0.0
1646412509,F,Light,187.0
1646412509,F,MIC,3.0
1646412509,F,RSSI,78.0
1646412510,C,Temperature,22.864999771118164
1646412510,C,Humidity,33.292999267578125
1646412510,C,Pressure,101605.0
1646412510,C,Gas,1134.052001953125
1646412510,C,Accelerometer,0.0
1646412510,C,Light,1453.0
1646412510,C,MIC,3.0
1646412510,C,RSSI,67.0
1646412510,G,Temperature,23.024999618530273
1646412510,G,Humidity,33.09999847412109
1646412510,G,Pressure,101613.0
1646412510,G,Gas,1586.0059814453125
1646412510,G,Accelerometer,0.0
1646412510,G,Light,1472.0
1646412510,G,MIC,3.0
1646412510,G,RSSI,76.0
1646412511,A,Temperature,22.78499984741211
1646412511,A,Humidity,33.35300064086914
1646412511,A,Pressure,101589.0
1646412511,A,Gas,1293.157958984375
1646412511,A,Accelerometer,0.0
1646412511,A,Light,2188.0
1646412511,A,MIC,3.0
1646412511,A,RSSI,80.0
1646412514,H,Temperature,23.934999465942386
1646412514,H,Humidity,28.586000442504893
1646412514,H,Pressure,101600.0
1646412514,H,Gas,4395.7177734375
1646412514,H,Accelerometer,0.0
1646412514,H,Light,3611.0
1646412514,H,MIC,3.0
1646412514,H,RSSI,93.0
1646412515,D,Temperature,21.975000381469727
1646412515,D,Humidity,33.597000122070305
1646412515,D,Pressure,101615.0
1646412515,D,Gas,2543.806884765625
1646412515,D,Accelerometer,0.0
1646412515,D,Light,557.0
1646412515,D,MIC,3.0
1646412515,D,RSSI,53.0
1646412516,E,Temperature,22.125
1646412516,E,Humidity,33.048999786376946
1646412516,E,Pressure,101591.0
1646412516,E,Gas,2748.468994140625
1646412516,E,Accelerometer,0.0
1646412516,E,Light,3916.0
1646412516,E,MIC,3.0
1646412516,E,RSSI,79.0
1646412517,F,Temperature,21.78499984741211
1646412517,F,Humidity,33.32199859619141
1646412517,F,Pressure,101634.0
1646412517,F,Gas,842.5040283203125
1646412517,F,Accelerometer,0.0
1646412517,F,Light,188.0
1646412517,F,MIC,3.0
1646412517,F,RSSI,78.0
1646412517,C,Temperature,22.875
1646412517,C,Humidity,33.266998291015625
1646412517,C,Pressure,101605.0
1646412517,C,Gas,1136.2879638671875
1646412517,C,Accelerometer,0.0
1646412517,C,Light,1457.0
1646412517,C,MIC,3.0
1646412517,C,RSSI,67.0
1646412518,B,Temperature,23.024999618530273
1646412518,B,Humidity,32.141998291015625
1646412518,B,Pressure,101543.0
1646412518,B,Gas,4616.52783203125
1646412518,B,Accelerometer,0.0
1646412518,B,Light,650.0
1646412518,B,MIC,3.0
1646412518,B,RSSI,90.0
1646412519,G,Temperature,23.01499938964844
1646412519,G,Humidity,33.11100006103516
1646412519,G,Pressure,101613.0
1646412519,G,Gas,1596.8330078125
1646412519,G,Accelerometer,0.0
1646412519,G,Light,1472.0
1646412519,G,MIC,3.0
1646412519,G,RSSI,76.0
1646412521,B,Temperature,23.024999618530273
1646412521,B,Humidity,32.126998901367195
1646412521,B,Pressure,101543.0
1646412521,B,Gas,4621.0
1646412521,B,Accelerometer,0.0
1646412521,B,Light,651.0
1646412521,B,MIC,3.0
1646412521,B,RSSI,90.0
1646412521,A,Temperature,22.78499984741211
1646412521,A,Humidity,33.352001190185554
1646412521,A,Pressure,101589.0
1646412521,A,Gas,1267.1240234375
1646412521,A,Accelerometer,0.0
1646412521,A,Light,2198.0
1646412521,A,MIC,3.0
1646412521,A,RSSI,80.0
1646412523,H,Temperature,23.934999465942386
1646412523,H,Humidity,28.57600021362305
1646412523,H,Pressure,101595.0
1646412523,H,Gas,4400.1572265625
1646412523,H,Accelerometer,0.0
1646412523,H,Light,3608.0
1646412523,H,MIC,3.0
1646412523,H,RSSI,93.0
1646412525,D,Temperature,21.96500015258789
1646412525,D,Humidity,33.60900115966797
1646412525,D,Pressure,101613.0
1646412525,D,Gas,2549.208984375
1646412525,D,Accelerometer,0.0
1646412525,D,Light,558.0
1646412525,D,MIC,3.0
1646412525,D,RSSI,53.0
1646412526,E,Temperature,22.125
1646412526,E,Humidity,33.04199981689453
1646412526,E,Pressure,101595.0
1646412526,E,Gas,2748.97900390625
1646412526,E,Accelerometer,0.0
1646412526,E,Light,3922.0
1646412526,E,MIC,3.0
1646412526,E,RSSI,79.0
1646412527,F,Temperature,21.78499984741211
1646412527,F,Humidity,33.31999969482422
1646412527,F,Pressure,101636.0
1646412527,F,Gas,832.4849853515625
1646412527,F,Accelerometer,0.0
1646412527,F,Light,190.0
1646412527,F,MIC,3.0
1646412527,F,RSSI,78.0
1646412528,C,Temperature,22.875
1646412528,C,Humidity,33.273998260498054
1646412528,C,Pressure,101609.0
1646412528,C,Gas,1142.448974609375
1646412528,C,Accelerometer,0.0
1646412528,C,Light,1451.0
1646412528,C,MIC,3.0
1646412528,C,RSSI,67.0
1646412529,G,Temperature,23.01499938964844
1646412529,G,Humidity,33.11999893188477
1646412529,G,Pressure,101613.0
1646412529,G,Gas,1609.6309814453125
1646412529,G,Accelerometer,0.0
1646412529,G,Light,1482.0
1646412529,G,MIC,3.0
1646412529,G,RSSI,76.0
1646412532,B,Temperature,23.01499938964844
1646412532,B,Humidity,32.150001525878906
1646412532,B,Pressure,101545.0
1646412532,B,Gas,4631.2080078125
1646412532,B,Accelerometer,0.0
1646412532,B,Light,648.0
1646412532,B,MIC,3.0
1646412532,B,RSSI,90.0
1646412532,A,Temperature,22.774999618530273
1646412532,A,Humidity,33.34199905395508
1646412532,A,Pressure,101587.0
1646412532,A,Gas,1253.323974609375
1646412532,A,Accelerometer,0.0
1646412532,A,Light,2198.0
1646412532,A,MIC,3.0
1646412532,A,RSSI,80.0
1646412533,H,Temperature,23.934999465942386
1646412533,H,Humidity,28.614999771118164
1646412533,H,Pressure,101600.0
1646412533,H,Gas,4401.0048828125
1646412533,H,Accelerometer,0.0
1646412533,H,Light,3618.0
1646412533,H,MIC,3.0
1646412533,H,RSSI,93.0
1646412535,D,Temperature,21.975000381469727
1646412535,D,Humidity,33.59600067138672
1646412535,D,Pressure,101615.0
1646412535,D,Gas,2526.215087890625
1646412535,D,Accelerometer,0.0
1646412535,D,Light,561.0
1646412535,D,MIC,3.0
1646412535,D,RSSI,53.0
1646412536,E,Temperature,22.125
1646412536,E,Humidity,33.04399871826172
1646412536,E,Pressure,101591.0
1646412536,E,Gas,2749.072021484375
1646412536,E,Accelerometer,0.0
1646412536,E,Light,3926.0
1646412536,E,MIC,3.0
1646412536,E,RSSI,79.0
1646412537,F,Temperature,21.78499984741211
1646412537,F,Humidity,33.320999145507805
1646412537,F,Pressure,101636.0
1646412537,F,Gas,830.8909912109375
1646412537,F,Accelerometer,0.0
1646412537,F,Light,191.0
1646412537,F,MIC,3.0
1646412537,F,RSSI,78.0
1646412537,C,Temperature,22.875
1646412537,C,Humidity,33.26599884033203
1646412537,C,Pressure,101609.0
1646412537,C,Gas,1148.2060546875
1646412537,C,Accelerometer,0.0
1646412537,C,Light,1458.0
1646412537,C,MIC,3.0
1646412537,C,RSSI,77.0
1646412539,G,Temperature,23.01499938964844
1646412539,G,Humidity,33.10699844360352
1646412539,G,Pressure,101614.0
1646412539,G,Gas,1622.616943359375
1646412539,G,Accelerometer,0.0
1646412539,G,Light,1482.0
1646412539,G,MIC,3.0
1646412539,G,RSSI,76.0
1646412541,B,Temperature,23.024999618530273
1646412541,B,Humidity,32.13800048828125
1646412541,B,Pressure,101545.0
1646412541,B,Gas,4625.837890625
1646412541,B,Accelerometer,0.0
1646412541,B,Light,649.0
1646412541,B,MIC,3.0
1646412541,B,RSSI,90.0
1646412542,A,Temperature,22.78499984741211
1646412542,A,Humidity,33.31399917602539
1646412542,A,Pressure,101591.0
1646412542,A,Gas,1270.0860595703125
1646412542,A,Accelerometer,0.0
1646412542,A,Light,2201.0
1646412542,A,MIC,3.0
1646412542,A,RSSI,80.0
1646412545,D,Temperature,21.98500061035156
1646412545,D,Humidity,33.584999084472656
1646412545,D,Pressure,101613.0
1646412545,D,Gas,2553.31689453125
1646412545,D,Accelerometer,0.0
1646412545,D,Light,566.0
1646412545,D,MIC,3.0
1646412545,D,RSSI,53.0
1646412546,H,Temperature,23.934999465942386
1646412546,H,Humidity,28.59499931335449
1646412546,H,Pressure,101600.0
1646412546,H,Gas,4418.97802734375
1646412546,H,Accelerometer,0.0
1646412546,H,Light,3616.0
1646412546,H,MIC,3.0
1646412546,H,RSSI,88.0
1646412547,F,Temperature,21.78499984741211
1646412547,F,Humidity,33.32199859619141
1646412547,F,Pressure,101634.0
1646412547,F,Gas,837.8880004882812
1646412547,F,Accelerometer,0.0
1646412547,F,Light,192.0
1646412547,F,MIC,3.0
1646412547,F,RSSI,78.0
1646412547,E,Temperature,22.114999771118164
1646412547,E,Humidity,33.06100082397461
1646412547,E,Pressure,101593.0
1646412547,E,Gas,2748.219970703125
1646412547,E,Accelerometer,0.0
1646412547,E,Light,3921.0
1646412547,E,MIC,3.0
1646412547,E,RSSI,79.0
1646412547,C,Temperature,22.854999542236328
1646412547,C,Humidity,33.291000366210945
1646412547,C,Pressure,101609.0
1646412547,C,Gas,1133.166015625
1646412547,C,Accelerometer,0.0
1646412547,C,Light,1453.0
1646412547,C,MIC,3.0
1646412547,C,RSSI,77.0
1646412549,G,Temperature,23.0049991607666
1646412549,G,Humidity,33.12900161743164
1646412549,G,Pressure,101614.0
1646412549,G,Gas,1635.6259765625
1646412549,G,Accelerometer,0.0
1646412549,G,Light,1479.0
1646412549,G,MIC,3.0
1646412549,G,RSSI,71.0
1646412551,A,Temperature,22.78499984741211
1646412551,A,Humidity,33.320999145507805
1646412551,A,Pressure,101589.0
1646412551,A,Gas,1276.8389892578125
1646412551,A,Accelerometer,0.0
1646412551,A,Light,2202.0
1646412551,A,MIC,3.0
1646412551,A,RSSI,77.0
1646412551,B,Temperature,23.024999618530273
1646412551,B,Humidity,32.130001068115234
1646412551,B,Pressure,101543.0
1646412551,B,Gas,4632.28076171875
1646412551,B,Accelerometer,0.0
1646412551,B,Light,650.0
1646412551,B,MIC,3.0
1646412551,B,RSSI,90.0
1646412553,H,Temperature,23.934999465942386
1646412553,H,Humidity,28.57099914550781
1646412553,H,Pressure,101598.0
1646412553,H,Gas,4398.380859375
1646412553,H,Accelerometer,0.0
1646412553,H,Light,3610.0
1646412553,H,MIC,3.0
1646412553,H,RSSI,88.0
1646412555,D,Temperature,21.975000381469727
1646412555,D,Humidity,33.61100006103516
1646412555,D,Pressure,101613.0
1646412555,D,Gas,2566.048095703125
1646412555,D,Accelerometer,0.0
1646412555,D,Light,572.0
1646412555,D,MIC,3.0
1646412555,D,RSSI,76.0
1646412556,E,Temperature,22.114999771118164
1646412556,E,Humidity,33.06999969482422
1646412556,E,Pressure,101593.0
1646412556,E,Gas,2754.06591796875
1646412556,E,Accelerometer,0.0
1646412556,E,Light,3921.0
1646412556,E,MIC,3.0
1646412556,E,RSSI,79.0
1646412557,C,Temperature,22.854999542236328
1646412557,C,Humidity,33.28900146484375
1646412557,C,Pressure,101607.0
1646412557,C,Gas,1135.70703125
1646412557,C,Accelerometer,0.0
1646412557,C,Light,1460.0
1646412557,C,MIC,3.0
1646412557,C,RSSI,77.0
1646412557,F,Temperature,21.78499984741211
1646412557,F,Humidity,33.319000244140625
1646412557,F,Pressure,101634.0
1646412557,F,Gas,834.9979858398438
1646412557,F,Accelerometer,0.0
1646412557,F,Light,193.0
1646412557,F,MIC,3.0
1646412557,F,RSSI,78.0
1646412561,A,Temperature,22.78499984741211
1646412561,A,Humidity,33.320999145507805
1646412561,A,Pressure,101589.0
1646412561,A,Gas,1276.905029296875
1646412561,A,Accelerometer,0.0
1646412561,A,Light,2189.0
1646412561,A,MIC,3.0
1646412561,A,RSSI,77.0
1646412561,B,Temperature,23.024999618530273
1646412561,B,Humidity,32.14500045776367
1646412561,B,Pressure,101543.0
1646412561,B,Gas,4632.98388671875
1646412561,B,Accelerometer,0.0
1646412561,B,Light,650.0
1646412561,B,MIC,3.0
1646412561,B,RSSI,90.0
1646412562,G,Temperature,23.01499938964844
1646412562,G,Humidity,33.11600112915039
1646412562,G,Pressure,101613.0
1646412562,G,Gas,1654.218994140625
1646412562,G,Accelerometer,0.0
1646412562,G,Light,1480.0
1646412562,G,MIC,3.0
1646412562,G,RSSI,71.0
1646412563,H,Temperature,23.92499923706055
1646412563,H,Humidity,28.58300018310547
1646412563,H,Pressure,101600.0
1646412563,H,Gas,4403.89892578125
1646412563,H,Accelerometer,0.0
1646412563,H,Light,3610.0
1646412563,H,MIC,3.0
1646412563,H,RSSI,88.0
1646412565,D,Temperature,21.96500015258789
1646412565,D,Humidity,33.625999450683594
1646412565,D,Pressure,101615.0
1646412565,D,Gas,2569.98388671875
1646412565,D,Accelerometer,0.0
1646412565,D,Light,577.0
1646412565,D,MIC,3.0
1646412565,D,RSSI,76.0
1646412566,E,Temperature,22.125
1646412566,E,Humidity,33.066001892089844
1646412566,E,Pressure,101593.0
1646412566,E,Gas,2763.404052734375
1646412566,E,Accelerometer,0.0
1646412566,E,Light,3922.0
1646412566,E,MIC,3.0
1646412566,E,RSSI,74.0
1646412567,F,Temperature,21.78499984741211
1646412567,F,Humidity,33.316001892089844
1646412567,F,Pressure,101634.0
1646412567,F,Gas,828.8099975585938
1646412567,F,Accelerometer,0.0
1646412567,F,Light,195.0
1646412567,F,MIC,3.0
1646412567,F,RSSI,78.0
1646412567,C,Temperature,22.854999542236328
1646412567,C,Humidity,33.29600143432617
1646412567,C,Pressure,101609.0
1646412567,C,Gas,1153.6190185546875
1646412567,C,Accelerometer,0.0
1646412567,C,Light,1458.0
1646412567,C,MIC,3.0
1646412567,C,RSSI,77.0
1646412569,G,Temperature,23.024999618530273
1646412569,G,Humidity,33.09299850463867
1646412569,G,Pressure,101613.0
1646412569,G,Gas,1650.051025390625
1646412569,G,Accelerometer,0.0
1646412569,G,Light,1475.0
1646412569,G,MIC,3.0
1646412569,G,RSSI,71.0
1646412571,A,Temperature,22.78499984741211
1646412571,A,Humidity,33.33700180053711
1646412571,A,Pressure,101587.0
1646412571,A,Gas,1271.136962890625
1646412571,A,Accelerometer,0.0
1646412571,A,Light,2196.0
1646412571,A,MIC,3.0
1646412571,A,RSSI,77.0
1646412573,B,Temperature,23.03499984741211
1646412573,B,Humidity,32.11800003051758
1646412573,B,Pressure,101545.0
1646412573,B,Gas,4642.48291015625
1646412573,B,Accelerometer,0.0
1646412573,B,Light,650.0
1646412573,B,MIC,3.0
1646412573,B,RSSI,90.0
1646412573,H,Temperature,23.915000915527344
1646412573,H,Humidity,28.57600021362305
1646412573,H,Pressure,101598.0
1646412573,H,Gas,4394.93212890625
1646412573,H,Accelerometer,0.0
1646412573,H,Light,3612.0
1646412573,H,MIC,3.0
1646412573,H,RSSI,88.0
1646412575,D,Temperature,21.975000381469727
1646412575,D,Humidity,33.60300064086914
1646412575,D,Pressure,101611.0
1646412575,D,Gas,2578.430908203125
1646412575,D,Accelerometer,0.0
1646412575,D,Light,585.0
1646412575,D,MIC,3.0
1646412575,D,RSSI,76.0
1646412576,E,Temperature,22.125
1646412576,E,Humidity,33.05899810791016
1646412576,E,Pressure,101589.0
1646412576,E,Gas,2775.885986328125
1646412576,E,Accelerometer,0.0
1646412576,E,Light,3925.0
1646412576,E,MIC,3.0
1646412576,E,RSSI,74.0
1646412577,F,Temperature,21.774999618530273
1646412577,F,Humidity,33.31399917602539
1646412577,F,Pressure,101634.0
1646412577,F,Gas,827.4420166015625
1646412577,F,Accelerometer,0.0
1646412577,F,Light,196.0
1646412577,F,MIC,3.0
1646412577,F,RSSI,78.0
1646412577,C,Temperature,22.854999542236328
1646412577,C,Humidity,33.294998168945305
1646412577,C,Pressure,101609.0
1646412577,C,Gas,1160.6610107421875
1646412577,C,Accelerometer,0.0
1646412577,C,Light,1464.0
1646412577,C,MIC,3.0
1646412577,C,RSSI,80.0
1646412579,G,Temperature,23.024999618530273
1646412579,G,Humidity,33.080001831054695
1646412579,G,Pressure,101611.0
1646412579,G,Gas,1670.9530029296875
1646412579,G,Accelerometer,0.0
1646412579,G,Light,1478.0
1646412579,G,MIC,3.0
1646412579,G,RSSI,71.0
1646412581,A,Temperature,22.78499984741211
1646412581,A,Humidity,33.34400177001953
1646412581,A,Pressure,101587.0
1646412581,A,Gas,1272.7039794921875
1646412581,A,Accelerometer,0.0
1646412581,A,Light,2194.0
1646412581,A,MIC,3.0
1646412581,A,RSSI,77.0
1646412583,H,Temperature,23.915000915527344
1646412583,H,Humidity,28.562000274658203
1646412583,H,Pressure,101598.0
1646412583,H,Gas,4390.42578125
1646412583,H,Accelerometer,0.0
1646412583,H,Light,3607.0
1646412583,H,MIC,3.0
1646412583,H,RSSI,88.0
1646412585,B,Temperature,23.024999618530273
1646412585,B,Humidity,32.141998291015625
1646412585,B,Pressure,101545.0
1646412585,B,Gas,4649.1640625
1646412585,B,Accelerometer,0.0
1646412585,B,Light,652.0
1646412585,B,MIC,3.0
1646412585,B,RSSI,84.0
1646412585,D,Temperature,21.975000381469727
1646412585,D,Humidity,33.61199951171875
1646412585,D,Pressure,101613.0
1646412585,D,Gas,2586.302001953125
1646412585,D,Accelerometer,0.0
1646412585,D,Light,591.0
1646412585,D,MIC,3.0
1646412585,D,RSSI,76.0
1646412586,E,Temperature,22.125
1646412586,E,Humidity,33.049999237060554
1646412586,E,Pressure,101591.0
1646412586,E,Gas,2774.35888671875
1646412586,E,Accelerometer,0.0
1646412586,E,Light,3925.0
1646412586,E,MIC,3.0
1646412586,E,RSSI,74.0
1646412587,F,Temperature,21.774999618530273
1646412587,F,Humidity,33.327999114990234
1646412587,F,Pressure,101636.0
1646412587,F,Gas,820.2570190429688
1646412587,F,Accelerometer,0.0
1646412587,F,Light,198.0
1646412587,F,MIC,3.0
1646412587,F,RSSI,77.0
1646412587,C,Temperature,22.864999771118164
1646412587,C,Humidity,33.277999877929695
1646412587,C,Pressure,101607.0
1646412587,C,Gas,1165.0889892578125
1646412587,C,Accelerometer,0.0
1646412587,C,Light,1471.0
1646412587,C,MIC,3.0
1646412587,C,RSSI,80.0
1646412589,G,Temperature,23.024999618530273
1646412589,G,Humidity,33.10499954223633
1646412589,G,Pressure,101611.0
1646412589,G,Gas,1680.9610595703125
1646412589,G,Accelerometer,0.0
1646412589,G,Light,1478.0
1646412589,G,MIC,3.0
1646412589,G,RSSI,71.0
1646412591,B,Temperature,23.024999618530273
1646412591,B,Humidity,32.15200042724609
1646412591,B,Pressure,101541.0
1646412591,B,Gas,4650.67578125
1646412591,B,Accelerometer,0.0
1646412591,B,Light,648.0
1646412591,B,MIC,3.0
1646412591,B,RSSI,84.0
1646412591,A,Temperature,22.78499984741211
1646412591,A,Humidity,33.33700180053711
1646412591,A,Pressure,101587.0
1646412591,A,Gas,1268.696044921875
1646412591,A,Accelerometer,0.0
1646412591,A,Light,2197.0
1646412591,A,MIC,3.0
1646412591,A,RSSI,77.0
1646412595,D,Temperature,21.96500015258789
1646412595,D,Humidity,33.61999893188477
1646412595,D,Pressure,101615.0
1646412595,D,Gas,2589.053955078125
1646412595,D,Accelerometer,0.0
1646412595,D,Light,597.0
1646412595,D,MIC,3.0
1646412595,D,RSSI,76.0
1646412596,H,Temperature,23.90500068664551
1646412596,H,Humidity,28.56800079345703
1646412596,H,Pressure,101596.0
1646412596,H,Gas,4386.01416015625
1646412596,H,Accelerometer,0.0
1646412596,H,Light,3613.0
1646412596,H,MIC,3.0
1646412596,H,RSSI,91.0
1646412596,E,Temperature,22.125
1646412596,E,Humidity,33.04399871826172
1646412596,E,Pressure,101591.0
1646412596,E,Gas,2783.10498046875
1646412596,E,Accelerometer,0.0
1646412596,E,Light,3926.0
1646412596,E,MIC,3.0
1646412596,E,RSSI,74.0
1646412597,F,Temperature,21.774999618530273
1646412597,F,Humidity,33.325000762939446
1646412597,F,Pressure,101636.0
1646412597,F,Gas,818.0869750976562
1646412597,F,Accelerometer,0.0
1646412597,F,Light,198.0
1646412597,F,MIC,3.0
1646412597,F,RSSI,77.0
1646412597,C,Temperature,22.854999542236328
1646412597,C,Humidity,33.268001556396484
1646412597,C,Pressure,101605.0
1646412597,C,Gas,1154.615966796875
1646412597,C,Accelerometer,0.0
1646412597,C,Light,1469.0
1646412597,C,MIC,3.0
1646412597,C,RSSI,80.0
1646412599,G,Temperature,23.024999618530273
1646412599,G,Humidity,33.11800003051758
1646412599,G,Pressure,101611.0
1646412599,G,Gas,1697.2850341796875
1646412599,G,Accelerometer,0.0
1646412599,G,Light,1477.0
1646412599,G,MIC,3.0
1646412599,G,RSSI,70.0
1646412601,B,Temperature,23.024999618530273
1646412601,B,Humidity,32.141998291015625
1646412601,B,Pressure,101545.0
1646412601,B,Gas,4654.80517578125
1646412601,B,Accelerometer,0.0
1646412601,B,Light,650.0
1646412601,B,MIC,3.0
1646412601,B,RSSI,84.0
1646412601,A,Temperature,22.78499984741211
1646412601,A,Humidity,33.323001861572266
1646412601,A,Pressure,101589.0
1646412601,A,Gas,1262.6240234375
1646412601,A,Accelerometer,0.0
1646412601,A,Light,2195.0
1646412601,A,MIC,3.0
1646412601,A,RSSI,75.0
1646412604,H,Temperature,23.915000915527344
1646412604,H,Humidity,28.601999282836914
1646412604,H,Pressure,101600.0
1646412604,H,Gas,4393.0830078125
1646412604,H,Accelerometer,0.0
1646412604,H,Light,3617.0
1646412604,H,MIC,3.0
1646412604,H,RSSI,91.0
1646412605,D,Temperature,21.975000381469727
1646412605,D,Humidity,33.60300064086914
1646412605,D,Pressure,101615.0
1646412605,D,Gas,2617.3291015625
1646412605,D,Accelerometer,0.0
1646412605,D,Light,602.0
1646412605,D,MIC,3.0
1646412605,D,RSSI,55.0
1646412606,E,Temperature,22.114999771118164
1646412606,E,Humidity,33.067001342773445
1646412606,E,Pressure,101591.0
1646412606,E,Gas,2794.486083984375
1646412606,E,Accelerometer,0.0
1646412606,E,Light,3927.0
1646412606,E,MIC,3.0
1646412606,E,RSSI,74.0
1646412607,F,Temperature,21.774999618530273
1646412607,F,Humidity,33.32400131225586
1646412607,F,Pressure,101634.0
1646412607,F,Gas,816.6649780273438
1646412607,F,Accelerometer,0.0
1646412607,F,Light,199.0
1646412607,F,MIC,3.0
1646412607,F,RSSI,77.0
1646412608,C,Temperature,22.84499931335449
1646412608,C,Humidity,33.24399948120117
1646412608,C,Pressure,101603.0
1646412608,C,Gas,1150.259033203125
1646412608,C,Accelerometer,0.0
1646412608,C,Light,1476.0
1646412608,C,MIC,3.0
1646412608,C,RSSI,80.0
1646412609,G,Temperature,23.01499938964844
1646412609,G,Humidity,33.137001037597656
1646412609,G,Pressure,101613.0
1646412609,G,Gas,1707.4539794921875
1646412609,G,Accelerometer,0.0
1646412609,G,Light,1482.0
1646412609,G,MIC,3.0
1646412609,G,RSSI,70.0
1646412611,B,Temperature,23.024999618530273
1646412611,B,Humidity,32.143001556396484
1646412611,B,Pressure,101545.0
1646412611,B,Gas,4663.76123046875
1646412611,B,Accelerometer,0.0
1646412611,B,Light,650.0
1646412611,B,MIC,3.0
1646412611,B,RSSI,84.0
1646412612,A,Temperature,22.78499984741211
1646412612,A,Humidity,33.339000701904304
1646412612,A,Pressure,101589.0
1646412612,A,Gas,1268.1929931640625
1646412612,A,Accelerometer,0.0
1646412612,A,Light,2193.0
1646412612,A,MIC,3.0
1646412612,A,RSSI,75.0
1646412613,H,Temperature,23.92499923706055
1646412613,H,Humidity,28.56100082397461
1646412613,H,Pressure,101598.0
1646412613,H,Gas,4393.7421875
1646412613,H,Accelerometer,0.0
1646412613,H,Light,3613.0
1646412613,H,MIC,3.0
1646412613,H,RSSI,91.0
1646412615,D,Temperature,21.975000381469727
1646412615,D,Humidity,33.60499954223633
1646412615,D,Pressure,101613.0
1646412615,D,Gas,2607.679931640625
1646412615,D,Accelerometer,0.0
1646412615,D,Light,607.0
1646412615,D,MIC,3.0
1646412615,D,RSSI,55.0
1646412616,E,Temperature,22.125
1646412616,E,Humidity,33.03300094604492
1646412616,E,Pressure,101591.0
1646412616,E,Gas,2802.43505859375
1646412616,E,Accelerometer,0.0
1646412616,E,Light,3929.0
1646412616,E,MIC,3.0
1646412616,E,RSSI,75.0
1646412617,F,Temperature,21.774999618530273
1646412617,F,Humidity,33.32899856567383
1646412617,F,Pressure,101634.0
1646412617,F,Gas,820.030029296875
1646412617,F,Accelerometer,0.0
1646412617,F,Light,201.0
1646412617,F,MIC,3.0
1646412617,F,RSSI,77.0
1646412618,C,Temperature,22.84499931335449
1646412618,C,Humidity,33.27000045776367
1646412618,C,Pressure,101603.0
1646412618,C,Gas,1152.3570556640625
1646412618,C,Accelerometer,0.0
1646412618,C,Light,1474.0
1646412618,C,MIC,3.0
1646412618,C,RSSI,80.0
1646412620,G,Temperature,23.03499984741211
1646412620,G,Humidity,33.10400009155273
1646412620,G,Pressure,101618.0
1646412620,G,Gas,1722.177978515625
1646412620,G,Accelerometer,0.0
1646412620,G,Light,1472.0
1646412620,G,MIC,3.0
1646412620,G,RSSI,70.0
1646412621,A,Temperature,22.78499984741211
1646412621,A,Humidity,33.327999114990234
1646412621,A,Pressure,101587.0
1646412621,A,Gas,1265.2030029296875
1646412621,A,Accelerometer,0.0
1646412621,A,Light,2200.0
1646412621,A,MIC,3.0
1646412621,A,RSSI,75.0
1646412623,H,Temperature,23.934999465942386
1646412623,H,Humidity,28.55299949645996
1646412623,H,Pressure,101598.0
1646412623,H,Gas,4401.3251953125
1646412623,H,Accelerometer,0.0
1646412623,H,Light,3612.0
1646412623,H,MIC,3.0
1646412623,H,RSSI,91.0
1646412624,B,Temperature,23.024999618530273
1646412624,B,Humidity,32.12400054931641
1646412624,B,Pressure,101543.0
1646412624,B,Gas,4683.0859375
1646412624,B,Accelerometer,0.0
1646412624,B,Light,649.0
1646412624,B,MIC,3.0
1646412624,B,RSSI,84.0
1646412625,D,Temperature,21.975000381469727
1646412625,D,Humidity,33.597000122070305
1646412625,D,Pressure,101615.0
1646412625,D,Gas,2600.533935546875
1646412625,D,Accelerometer,0.0
1646412625,D,Light,608.0
1646412625,D,MIC,3.0
1646412625,D,RSSI,55.0
1646412626,E,Temperature,22.114999771118164
1646412626,E,Humidity,33.048999786376946
1646412626,E,Pressure,101593.0
1646412626,E,Gas,2803.031982421875
1646412626,E,Accelerometer,0.0
1646412626,E,Light,3931.0
1646412626,E,MIC,3.0
1646412626,E,RSSI,75.0
1646412627,F,Temperature,21.78499984741211
1646412627,F,Humidity,33.30699920654297
1646412627,F,Pressure,101634.0
1646412627,F,Gas,831.698974609375
1646412627,F,Accelerometer,0.0
1646412627,F,Light,203.0
1646412627,F,MIC,3.0
1646412627,F,RSSI,77.0
1646412628,C,Temperature,22.854999542236328
1646412628,C,Humidity,33.27000045776367
1646412628,C,Pressure,101607.0
1646412628,C,Gas,1161.739990234375
1646412628,C,Accelerometer,0.0
1646412628,C,Light,1476.0
1646412628,C,MIC,3.0
1646412628,C,RSSI,80.0
1646412629,G,Temperature,23.024999618530273
1646412629,G,Humidity,33.10300064086914
1646412629,G,Pressure,101611.0
1646412629,G,Gas,1719.6700439453125
1646412629,G,Accelerometer,0.0
1646412629,G,Light,1476.0
1646412629,G,MIC,3.0
1646412629,G,RSSI,70.0
1646412631,A,Temperature,22.78499984741211
1646412631,A,Humidity,33.327999114990234
1646412631,A,Pressure,101589.0
1646412631,A,Gas,1275.02294921875
1646412631,A,Accelerometer,0.0
1646412631,A,Light,2202.0
1646412631,A,MIC,3.0
1646412631,A,RSSI,75.0
1646412631,B,Temperature,23.024999618530273
1646412631,B,Humidity,32.141998291015625
1646412631,B,Pressure,101545.0
1646412631,B,Gas,4684.326171875
1646412631,B,Accelerometer,0.0
1646412631,B,Light,650.0
1646412631,B,MIC,3.0
1646412631,B,RSSI,88.0
1646412633,H,Temperature,23.92499923706055
1646412633,H,Humidity,28.54199981689453
1646412633,H,Pressure,101596.0
1646412633,H,Gas,4403.35107421875
1646412633,H,Accelerometer,0.0
1646412633,H,Light,3611.0
1646412633,H,MIC,3.0
1646412633,H,RSSI,91.0
1646412635,D,Temperature,21.98500061035156
1646412635,D,Humidity,33.57899856567383
1646412635,D,Pressure,101615.0
1646412635,D,Gas,2615.70703125
1646412635,D,Accelerometer,0.0
1646412635,D,Light,609.0
1646412635,D,MIC,3.0
1646412635,D,RSSI,55.0
1646412636,E,Temperature,22.104999542236328
1646412636,E,Humidity,33.073001861572266
1646412636,E,Pressure,101589.0
1646412636,E,Gas,2813.0791015625
1646412636,E,Accelerometer,0.0
1646412636,E,Light,3929.0
1646412636,E,MIC,3.0
1646412636,E,RSSI,75.0
1646412637,F,Temperature,21.774999618530273
1646412637,F,Humidity,33.33100128173828
1646412637,F,Pressure,101630.0
1646412637,F,Gas,842.0499877929688
1646412637,F,Accelerometer,0.0
1646412637,F,Light,204.0
1646412637,F,MIC,3.0
1646412637,F,RSSI,77.0
1646412637,C,Temperature,22.854999542236328
1646412637,C,Humidity,33.25400161743164
1646412637,C,Pressure,101605.0
1646412637,C,Gas,1162.89697265625
1646412637,C,Accelerometer,0.0
1646412637,C,Light,1478.0
1646412637,C,MIC,3.0
1646412637,C,RSSI,75.0
1646412639,G,Temperature,23.024999618530273
1646412639,G,Humidity,33.069000244140625
1646412639,G,Pressure,101613.0
1646412639,G,Gas,1711.2120361328125
1646412639,G,Accelerometer,0.0
1646412639,G,Light,1478.0
1646412639,G,MIC,3.0
1646412639,G,RSSI,70.0
1646412641,A,Temperature,22.78499984741211
1646412641,A,Humidity,33.327999114990234
1646412641,A,Pressure,101589.0
1646412641,A,Gas,1273.0140380859375
1646412641,A,Accelerometer,0.0
1646412641,A,Light,2193.0
1646412641,A,MIC,3.0
1646412641,A,RSSI,75.0
1646412643,B,Temperature,23.01499938964844
1646412643,B,Humidity,32.15200042724609
1646412643,B,Pressure,101547.0
1646412643,B,Gas,4686.26904296875
1646412643,B,Accelerometer,0.0
1646412643,B,Light,648.0
1646412643,B,MIC,3.0
1646412643,B,RSSI,88.0
1646412643,H,Temperature,23.915000915527344
1646412643,H,Humidity,28.57699966430664
1646412643,H,Pressure,101598.0
1646412643,H,Gas,4409.2470703125
1646412643,H,Accelerometer,0.0
1646412643,H,Light,3597.0
1646412643,H,MIC,3.0
1646412643,H,RSSI,79.0
1646412645,D,Temperature,21.9950008392334
1646412645,D,Humidity,33.55500030517578
1646412645,D,Pressure,101613.0
1646412645,D,Gas,2625.697998046875
1646412645,D,Accelerometer,0.0
1646412645,D,Light,608.0
1646412645,D,MIC,3.0
1646412645,D,RSSI,55.0
1646412646,E,Temperature,22.104999542236328
1646412646,E,Humidity,33.08300018310547
1646412646,E,Pressure,101591.0
1646412646,E,Gas,2818.708984375
1646412646,E,Accelerometer,0.0
1646412646,E,Light,3931.0
1646412646,E,MIC,3.0
1646412646,E,RSSI,75.0
1646412647,F,Temperature,21.78499984741211
1646412647,F,Humidity,33.32400131225586
1646412647,F,Pressure,101636.0
1646412647,F,Gas,838.4409790039062
1646412647,F,Accelerometer,0.0
1646412647,F,Light,206.0
1646412647,F,MIC,3.0
1646412647,F,RSSI,77.0
1646412647,C,Temperature,22.854999542236328
1646412647,C,Humidity,33.26300048828125
1646412647,C,Pressure,101603.0
1646412647,C,Gas,1162.3050537109375
1646412647,C,Accelerometer,0.0
1646412647,C,Light,1483.0
1646412647,C,MIC,3.0
1646412647,C,RSSI,75.0
1646412649,G,Temperature,23.024999618530273
1646412649,G,Humidity,33.06100082397461
1646412649,G,Pressure,101611.0
1646412649,G,Gas,1714.550048828125
1646412649,G,Accelerometer,0.0
1646412649,G,Light,1481.0
1646412649,G,MIC,3.0
1646412649,G,RSSI,70.0
1646412652,A,Temperature,22.78499984741211
1646412652,A,Humidity,33.32699966430664
1646412652,A,Pressure,101589.0
1646412652,A,Gas,1270.3900146484375
1646412652,A,Accelerometer,0.0
1646412652,A,Light,2197.0
1646412652,A,MIC,3.0
1646412652,A,RSSI,81.0
1646412653,B,Temperature,23.01499938964844
1646412653,B,Humidity,32.14699935913086
1646412653,B,Pressure,101545.0
1646412653,B,Gas,4692.56787109375
1646412653,B,Accelerometer,0.0
1646412653,B,Light,649.0
1646412653,B,MIC,3.0
1646412653,B,RSSI,88.0
1646412654,H,Temperature,23.934999465942386
1646412654,H,Humidity,28.53899955749512
1646412654,H,Pressure,101602.0
1646412654,H,Gas,4412.0810546875
1646412654,H,Accelerometer,0.0
1646412654,H,Light,3610.0
1646412654,H,MIC,3.0
1646412654,H,RSSI,79.0
1646412655,D,Temperature,21.98500061035156
1646412655,D,Humidity,33.570999145507805
1646412655,D,Pressure,101613.0
1646412655,D,Gas,2627.635986328125
1646412655,D,Accelerometer,0.0
1646412655,D,Light,602.0
1646412655,D,MIC,3.0
1646412655,D,RSSI,57.0
1646412656,E,Temperature,22.104999542236328
1646412656,E,Humidity,33.05699920654297
1646412656,E,Pressure,101591.0
1646412656,E,Gas,2813.760009765625
1646412656,E,Accelerometer,0.0
1646412656,E,Light,3935.0
1646412656,E,MIC,3.0
1646412656,E,RSSI,75.0
1646412657,F,Temperature,21.774999618530273
1646412657,F,Humidity,33.34000015258789
1646412657,F,Pressure,101630.0
1646412657,F,Gas,831.2620239257812
1646412657,F,Accelerometer,0.0
1646412657,F,Light,208.0
1646412657,F,MIC,3.0
1646412657,F,RSSI,77.0
1646412657,C,Temperature,22.854999542236328
1646412657,C,Humidity,33.25
1646412657,C,Pressure,101609.0
1646412657,C,Gas,1159.31494140625
1646412657,C,Accelerometer,0.0
1646412657,C,Light,1480.0
1646412657,C,MIC,3.0
1646412657,C,RSSI,75.0
1646412660,G,Temperature,23.01499938964844
1646412660,G,Humidity,33.09299850463867
1646412660,G,Pressure,101613.0
1646412660,G,Gas,1732.8719482421875
1646412660,G,Accelerometer,0.0
1646412660,G,Light,1473.0
1646412660,G,MIC,3.0
1646412660,G,RSSI,70.0
1646412661,A,Temperature,22.78499984741211
1646412661,A,Humidity,33.31399917602539
1646412661,A,Pressure,101589.0
1646412661,A,Gas,1268.18701171875
1646412661,A,Accelerometer,0.0
1646412661,A,Light,2190.0
1646412661,A,MIC,3.0
1646412661,A,RSSI,81.0
1646412663,B,Temperature,23.01499938964844
1646412663,B,Humidity,32.143001556396484
1646412663,B,Pressure,101543.0
1646412663,B,Gas,4689.18017578125
1646412663,B,Accelerometer,0.0
1646412663,B,Light,647.0
1646412663,B,MIC,3.0
1646412663,B,RSSI,88.0
1646412663,H,Temperature,23.934999465942386
1646412663,H,Humidity,28.53199958801269
1646412663,H,Pressure,101598.0
1646412663,H,Gas,4405.40478515625
1646412663,H,Accelerometer,0.0
1646412663,H,Light,3608.0
1646412663,H,MIC,3.0
1646412663,H,RSSI,79.0
1646412665,D,Temperature,21.98500061035156
1646412665,D,Humidity,33.575000762939446
1646412665,D,Pressure,101613.0
1646412665,D,Gas,2626.52294921875
1646412665,D,Accelerometer,0.0
1646412665,D,Light,590.0
1646412665,D,MIC,3.0
1646412665,D,RSSI,57.0
1646412667,E,Temperature,22.09499931335449
1646412667,E,Humidity,33.088001251220696
1646412667,E,Pressure,101593.0
1646412667,E,Gas,2823.928955078125
1646412667,E,Accelerometer,0.0
1646412667,E,Light,3936.0
1646412667,E,MIC,3.0
1646412667,E,RSSI,79.0
1646412667,F,Temperature,21.774999618530273
1646412667,F,Humidity,33.32899856567383
1646412667,F,Pressure,101638.0
1646412667,F,Gas,832.0809936523438
1646412667,F,Accelerometer,0.0
1646412667,F,Light,210.0
1646412667,F,MIC,3.0
1646412667,F,RSSI,77.0
1646412667,C,Temperature,22.864999771118164
1646412667,C,Humidity,33.25400161743164
1646412667,C,Pressure,101609.0
1646412667,C,Gas,1172.0909423828125
1646412667,C,Accelerometer,0.0
1646412667,C,Light,1483.0
1646412667,C,MIC,3.0
1646412667,C,RSSI,75.0
1646412670,G,Temperature,23.01499938964844
1646412670,G,Humidity,33.102001190185554
1646412670,G,Pressure,101613.0
1646412670,G,Gas,1743.8330078125
1646412670,G,Accelerometer,0.0
1646412670,G,Light,1480.0
1646412670,G,MIC,3.0
1646412670,G,RSSI,70.0
1646412671,B,Temperature,23.024999618530273
1646412671,B,Humidity,32.126998901367195
1646412671,B,Pressure,101543.0
1646412671,B,Gas,4684.287109375
1646412671,B,Accelerometer,0.0
1646412671,B,Light,648.0
1646412671,B,MIC,3.0
1646412671,B,RSSI,88.0
1646412672,A,Temperature,22.795000076293945
1646412672,A,Humidity,33.277999877929695
1646412672,A,Pressure,101589.0
1646412672,A,Gas,1277.18798828125
1646412672,A,Accelerometer,0.0
1646412672,A,Light,2193.0
1646412672,A,MIC,3.0
1646412672,A,RSSI,81.0
1646412674,H,Temperature,23.934999465942386
1646412674,H,Humidity,28.52599906921387
1646412674,H,Pressure,101598.0
1646412674,H,Gas,4425.67578125
1646412674,H,Accelerometer,0.0
1646412674,H,Light,3609.0
1646412674,H,MIC,3.0
1646412674,H,RSSI,79.0
1646412675,D,Temperature,21.9950008392334
1646412675,D,Humidity,33.553001403808594
1646412675,D,Pressure,101615.0
1646412675,D,Gas,2628.343994140625
1646412675,D,Accelerometer,0.0
1646412675,D,Light,577.0
1646412675,D,MIC,3.0
1646412675,D,RSSI,57.0
1646412676,E,Temperature,22.09499931335449
1646412676,E,Humidity,33.0989990234375
1646412676,E,Pressure,101593.0
1646412676,E,Gas,2829.95703125
1646412676,E,Accelerometer,0.0
1646412676,E,Light,3924.0
1646412676,E,MIC,3.0
1646412676,E,RSSI,79.0
1646412677,F,Temperature,21.774999618530273
1646412677,F,Humidity,33.330001831054695
1646412677,F,Pressure,101630.0
1646412677,F,Gas,840.77197265625
1646412677,F,Accelerometer,0.0
1646412677,F,Light,211.0
1646412677,F,MIC,3.0
1646412677,F,RSSI,77.0
1646412678,C,Temperature,22.864999771118164
1646412678,C,Humidity,33.240001678466804
1646412678,C,Pressure,101607.0
1646412678,C,Gas,1165.7979736328125
1646412678,C,Accelerometer,0.0
1646412678,C,Light,1484.0
1646412678,C,MIC,3.0
1646412678,C,RSSI,75.0
1646412679,G,Temperature,23.01499938964844
1646412679,G,Humidity,33.084999084472656
1646412679,G,Pressure,101613.0
1646412679,G,Gas,1749.64501953125
1646412679,G,Accelerometer,0.0
1646412679,G,Light,1474.0
1646412679,G,MIC,3.0
1646412679,G,RSSI,70.0
1646412681,A,Temperature,22.78499984741211
1646412681,A,Humidity,33.307998657226555
1646412681,A,Pressure,101589.0
1646412681,A,Gas,1273.511962890625
1646412681,A,Accelerometer,0.0
1646412681,A,Light,2191.0
1646412681,A,MIC,3.0
1646412681,A,RSSI,81.0
1646412683,H,Temperature,23.934999465942386
1646412683,H,Humidity,28.511999130249023
1646412683,H,Pressure,101598.0
1646412683,H,Gas,4406.3408203125
1646412683,H,Accelerometer,0.0
1646412683,H,Light,3609.0
1646412683,H,MIC,3.0
1646412683,H,RSSI,79.0
1646412683,B,Temperature,23.01499938964844
1646412683,B,Humidity,32.13800048828125
1646412683,B,Pressure,101545.0
1646412683,B,Gas,4687.9677734375
1646412683,B,Accelerometer,0.0
1646412683,B,Light,649.0
1646412683,B,MIC,3.0
1646412683,B,RSSI,88.0
1646412685,D,Temperature,21.98500061035156
1646412685,D,Humidity,33.569000244140625
1646412685,D,Pressure,101615.0
1646412685,D,Gas,2653.197998046875
1646412685,D,Accelerometer,0.0
1646412685,D,Light,565.0
1646412685,D,MIC,3.0
1646412685,D,RSSI,57.0
1646412686,E,Temperature,22.09499931335449
1646412686,E,Humidity,33.069000244140625
1646412686,E,Pressure,101593.0
1646412686,E,Gas,2838.548095703125
1646412686,E,Accelerometer,0.0
1646412686,E,Light,3939.0
1646412686,E,MIC,3.0
1646412686,E,RSSI,79.0
1646412687,F,Temperature,21.774999618530273
1646412687,F,Humidity,33.32699966430664
1646412687,F,Pressure,101636.0
1646412687,F,Gas,846.468017578125
1646412687,F,Accelerometer,0.0
1646412687,F,Light,213.0
1646412687,F,MIC,3.0
1646412687,F,RSSI,77.0
1646412687,C,Temperature,22.854999542236328
1646412687,C,Humidity,33.23300170898437
1646412687,C,Pressure,101601.0
1646412687,C,Gas,1155.197021484375
1646412687,C,Accelerometer,0.0
1646412687,C,Light,1479.0
1646412687,C,MIC,3.0
1646412687,C,RSSI,67.0
1646412691,G,Temperature,23.01499938964844
1646412691,G,Humidity,33.10300064086914
1646412691,G,Pressure,101613.0
1646412691,G,Gas,1740.5450439453125
1646412691,G,Accelerometer,0.0
1646412691,G,Light,1479.0
1646412691,G,MIC,3.0
1646412691,G,RSSI,70.0
1646412691,B,Temperature,23.024999618530273
1646412691,B,Humidity,32.12200164794922
1646412691,B,Pressure,101541.0
1646412691,B,Gas,4701.380859375
1646412691,B,Accelerometer,0.0
1646412691,B,Light,650.0
1646412691,B,MIC,3.0
1646412691,B,RSSI,88.0
1646412692,A,Temperature,22.78499984741211
1646412692,A,Humidity,33.323001861572266
1646412692,A,Pressure,101587.0
1646412692,A,Gas,1290.677978515625
1646412692,A,Accelerometer,0.0
1646412692,A,Light,2206.0
1646412692,A,MIC,3.0
1646412692,A,RSSI,81.0
1646412693,H,Temperature,23.934999465942386
1646412693,H,Humidity,28.51300048828125
1646412693,H,Pressure,101598.0
1646412693,H,Gas,4404.91796875
1646412693,H,Accelerometer,0.0
1646412693,H,Light,3606.0
1646412693,H,MIC,3.0
1646412693,H,RSSI,94.0
1646412695,D,Temperature,21.9950008392334
1646412695,D,Humidity,33.55599975585937
1646412695,D,Pressure,101613.0
1646412695,D,Gas,2645.155029296875
1646412695,D,Accelerometer,0.0
1646412695,D,Light,552.0
1646412695,D,MIC,3.0
1646412695,D,RSSI,57.0
1646412696,E,Temperature,22.104999542236328
1646412696,E,Humidity,33.062000274658196
1646412696,E,Pressure,101591.0
1646412696,E,Gas,2840.822998046875
1646412696,E,Accelerometer,0.0
1646412696,E,Light,3938.0
1646412696,E,MIC,3.0
1646412696,E,RSSI,79.0
1646412697,F,Temperature,21.774999618530273
1646412697,F,Humidity,33.326000213623054
1646412697,F,Pressure,101630.0
1646412697,F,Gas,839.3159790039062
1646412697,F,Accelerometer,0.0
1646412697,F,Light,214.0
1646412697,F,MIC,3.0
1646412697,F,RSSI,77.0
1646412697,C,Temperature,22.854999542236328
1646412697,C,Humidity,33.240001678466804
1646412697,C,Pressure,101601.0
1646412697,C,Gas,1167.97900390625
1646412697,C,Accelerometer,0.0
1646412697,C,Light,1492.0
1646412697,C,MIC,3.0
1646412697,C,RSSI,67.0
1646412700,G,Temperature,23.01499938964844
1646412700,G,Humidity,33.10499954223633
1646412700,G,Pressure,101611.0
1646412700,G,Gas,1740.5059814453125
1646412700,G,Accelerometer,0.0
1646412700,G,Light,1475.0
1646412700,G,MIC,3.0
1646412700,G,RSSI,74.0
1646412702,A,Temperature,22.78499984741211
1646412702,A,Humidity,33.323001861572266
1646412702,A,Pressure,101589.0
1646412702,A,Gas,1291.2139892578125
1646412702,A,Accelerometer,0.0
1646412702,A,Light,2203.0
1646412702,A,MIC,3.0
1646412702,A,RSSI,80.0
1646412703,B,Temperature,23.03499984741211
1646412703,B,Humidity,32.125
1646412703,B,Pressure,101545.0
1646412703,B,Gas,4702.1220703125
1646412703,B,Accelerometer,0.0
1646412703,B,Light,647.0
1646412703,B,MIC,3.0
1646412703,B,RSSI,88.0
1646412703,H,Temperature,23.934999465942386
1646412703,H,Humidity,28.50200080871582
1646412703,H,Pressure,101596.0
1646412703,H,Gas,4399.65380859375
1646412703,H,Accelerometer,0.0
1646412703,H,Light,3606.0
1646412703,H,MIC,3.0
1646412703,H,RSSI,94.0
1646412705,D,Temperature,21.9950008392334
1646412705,D,Humidity,33.566001892089844
1646412705,D,Pressure,101613.0
1646412705,D,Gas,2647.0869140625
1646412705,D,Accelerometer,0.0
1646412705,D,Light,544.0
1646412705,D,MIC,3.0
1646412705,D,RSSI,54.0
1646412706,E,Temperature,22.104999542236328
1646412706,E,Humidity,33.073001861572266
1646412706,E,Pressure,101589.0
1646412706,E,Gas,2851.966064453125
1646412706,E,Accelerometer,0.0
1646412706,E,Light,3932.0
1646412706,E,MIC,3.0
1646412706,E,RSSI,79.0
1646412707,F,Temperature,21.774999618530273
1646412707,F,Humidity,33.34299850463867
1646412707,F,Pressure,101634.0
1646412707,F,Gas,852.0859985351562
1646412707,F,Accelerometer,0.0
1646412707,F,Light,216.0
1646412707,F,MIC,3.0
1646412707,F,RSSI,77.0
1646412708,C,Temperature,22.854999542236328
1646412708,C,Humidity,33.26300048828125
1646412708,C,Pressure,101607.0
1646412708,C,Gas,1164.093017578125
1646412708,C,Accelerometer,0.0
1646412708,C,Light,1483.0
1646412708,C,MIC,3.0
1646412708,C,RSSI,67.0
1646412710,G,Temperature,23.024999618530273
1646412710,G,Humidity,33.115001678466804
1646412710,G,Pressure,101611.0
1646412710,G,Gas,1754.072998046875
1646412710,G,Accelerometer,0.0
1646412710,G,Light,1475.0
1646412710,G,MIC,3.0
1646412710,G,RSSI,74.0
1646412711,A,Temperature,22.78499984741211
1646412711,A,Humidity,33.312000274658196
1646412711,A,Pressure,101587.0
1646412711,A,Gas,1286.592041015625
1646412711,A,Accelerometer,0.0
1646412711,A,Light,2195.0
1646412711,A,MIC,3.0
1646412711,A,RSSI,80.0
1646412712,B,Temperature,23.03499984741211
1646412712,B,Humidity,32.09999847412109
1646412712,B,Pressure,101541.0
1646412712,B,Gas,4712.27978515625
1646412712,B,Accelerometer,0.0
1646412712,B,Light,645.0
1646412712,B,MIC,3.0
1646412712,B,RSSI,88.0
1646412714,H,Temperature,23.934999465942386
1646412714,H,Humidity,28.500999450683594
1646412714,H,Pressure,101596.0
1646412714,H,Gas,4404.80712890625
1646412714,H,Accelerometer,0.0
1646412714,H,Light,3600.0
1646412714,H,MIC,3.0
1646412714,H,RSSI,94.0
1646412715,D,Temperature,21.975000381469727
1646412715,D,Humidity,33.57199859619141
1646412715,D,Pressure,101611.0
1646412715,D,Gas,2654.94189453125
1646412715,D,Accelerometer,0.0
1646412715,D,Light,538.0
1646412715,D,MIC,3.0
1646412715,D,RSSI,54.0
1646412717,E,Temperature,22.104999542236328
1646412717,E,Humidity,33.05599975585937
1646412717,E,Pressure,101589.0
1646412717,E,Gas,2862.5439453125
1646412717,E,Accelerometer,0.0
1646412717,E,Light,3943.0
1646412717,E,MIC,3.0
1646412717,E,RSSI,59.0
1646412717,F,Temperature,21.78499984741211
1646412717,F,Humidity,33.332000732421875
1646412717,F,Pressure,101634.0
1646412717,F,Gas,863.5830078125
1646412717,F,Accelerometer,0.0
1646412717,F,Light,217.0
1646412717,F,MIC,3.0
1646412717,F,RSSI,77.0
1646412717,C,Temperature,22.864999771118164
1646412717,C,Humidity,33.26599884033203
1646412717,C,Pressure,101607.0
1646412717,C,Gas,1166.301025390625
1646412717,C,Accelerometer,0.0
1646412717,C,Light,1488.0
1646412717,C,MIC,3.0
1646412717,C,RSSI,67.0
1646412719,G,Temperature,23.01499938964844
1646412719,G,Humidity,33.10599899291992
1646412719,G,Pressure,101613.0
1646412719,G,Gas,1748.134033203125
1646412719,G,Accelerometer,0.0
1646412719,G,Light,1473.0
1646412719,G,MIC,3.0
1646412719,G,RSSI,74.0
1646412722,A,Temperature,22.774999618530273
1646412722,A,Humidity,33.326000213623054
1646412722,A,Pressure,101585.0
1646412722,A,Gas,1285.761962890625
1646412722,A,Accelerometer,0.0
1646412722,A,Light,2198.0
1646412722,A,MIC,3.0
1646412722,A,RSSI,80.0
1646412722,B,Temperature,23.03499984741211
1646412722,B,Humidity,32.08700180053711
1646412722,B,Pressure,101543.0
1646412722,B,Gas,4721.9169921875
1646412722,B,Accelerometer,0.0
1646412722,B,Light,647.0
1646412722,B,MIC,3.0
1646412722,B,RSSI,88.0
1646412724,H,Temperature,23.90500068664551
1646412724,H,Humidity,28.56999969482422
1646412724,H,Pressure,101598.0
1646412724,H,Gas,4396.02783203125
1646412724,H,Accelerometer,0.0
1646412724,H,Light,3607.0
1646412724,H,MIC,3.0
1646412724,H,RSSI,94.0
1646412725,D,Temperature,21.975000381469727
1646412725,D,Humidity,33.570999145507805
1646412725,D,Pressure,101611.0
1646412725,D,Gas,2662.458984375
1646412725,D,Accelerometer,0.0
1646412725,D,Light,534.0
1646412725,D,MIC,3.0
1646412725,D,RSSI,54.0
1646412726,E,Temperature,22.125
1646412726,E,Humidity,33.02199935913086
1646412726,E,Pressure,101591.0
1646412726,E,Gas,2872.912109375
1646412726,E,Accelerometer,0.0
1646412726,E,Light,3929.0
1646412726,E,MIC,3.0
1646412726,E,RSSI,59.0
1646412727,F,Temperature,21.78499984741211
1646412727,F,Humidity,33.32699966430664
1646412727,F,Pressure,101638.0
1646412727,F,Gas,858.291015625
1646412727,F,Accelerometer,0.0
1646412727,F,Light,218.0
1646412727,F,MIC,3.0
1646412727,F,RSSI,77.0
1646412727,C,Temperature,22.875
1646412727,C,Humidity,33.23699951171875
1646412727,C,Pressure,101605.0
1646412727,C,Gas,1156.8580322265625
1646412727,C,Accelerometer,0.0
1646412727,C,Light,1487.0
1646412727,C,MIC,3.0
1646412727,C,RSSI,76.0
1646412729,G,Temperature,23.01499938964844
1646412729,G,Humidity,33.13199996948242
1646412729,G,Pressure,101613.0
1646412729,G,Gas,1733.625
1646412729,G,Accelerometer,0.0
1646412729,G,Light,1479.0
1646412729,G,MIC,3.0
1646412729,G,RSSI,74.0
1646412731,B,Temperature,23.03499984741211
1646412731,B,Humidity,32.10599899291992
1646412731,B,Pressure,101543.0
1646412731,B,Gas,4723.4169921875
1646412731,B,Accelerometer,0.0
1646412731,B,Light,645.0
1646412731,B,MIC,3.0
1646412731,B,RSSI,89.0
1646412732,A,Temperature,22.78499984741211
1646412732,A,Humidity,33.319000244140625
1646412732,A,Pressure,101587.0
1646412732,A,Gas,1276.446044921875
1646412732,A,Accelerometer,0.0
1646412732,A,Light,2195.0
1646412732,A,MIC,3.0
1646412732,A,RSSI,80.0
1646412734,H,Temperature,23.90500068664551
1646412734,H,Humidity,28.562000274658203
1646412734,H,Pressure,101600.0
1646412734,H,Gas,4397.10693359375
1646412734,H,Accelerometer,0.0
1646412734,H,Light,3602.0
1646412734,H,MIC,3.0
1646412734,H,RSSI,94.0
1646412735,D,Temperature,21.95499992370605
1646412735,D,Humidity,33.582000732421875
1646412735,D,Pressure,101613.0
1646412735,D,Gas,2657.007080078125
1646412735,D,Accelerometer,0.0
1646412735,D,Light,527.0
1646412735,D,MIC,3.0
1646412735,D,RSSI,54.0
1646412736,E,Temperature,22.125
1646412736,E,Humidity,33.020999908447266
1646412736,E,Pressure,101591.0
1646412736,E,Gas,2867.055908203125
1646412736,E,Accelerometer,0.0
1646412736,E,Light,3943.0
1646412736,E,MIC,3.0
1646412736,E,RSSI,59.0
1646412737,F,Temperature,21.78499984741211
1646412737,F,Humidity,33.30500030517578
1646412737,F,Pressure,101636.0
1646412737,F,Gas,853.155029296875
1646412737,F,Accelerometer,0.0
1646412737,F,Light,221.0
1646412737,F,MIC,3.0
1646412737,F,RSSI,71.0
1646412738,C,Temperature,22.875
1646412738,C,Humidity,33.195999145507805
1646412738,C,Pressure,101605.0
1646412738,C,Gas,1161.0760498046875
1646412738,C,Accelerometer,0.0
1646412738,C,Light,1494.0
1646412738,C,MIC,3.0
1646412738,C,RSSI,76.0
1646412740,G,Temperature,23.01499938964844
1646412740,G,Humidity,33.08700180053711
1646412740,G,Pressure,101613.0
1646412740,G,Gas,1720.4119873046875
1646412740,G,Accelerometer,0.0
1646412740,G,Light,1478.0
1646412740,G,MIC,3.0
1646412740,G,RSSI,74.0
1646412742,A,Temperature,22.78499984741211
1646412742,A,Humidity,33.31999969482422
1646412742,A,Pressure,101589.0
1646412742,A,Gas,1275.571044921875
1646412742,A,Accelerometer,0.0
1646412742,A,Light,2200.0
1646412742,A,MIC,3.0
1646412742,A,RSSI,80.0
1646412742,B,Temperature,23.045000076293945
1646412742,B,Humidity,32.073001861572266
1646412742,B,Pressure,101545.0
1646412742,B,Gas,4730.1982421875
1646412742,B,Accelerometer,0.0
1646412742,B,Light,646.0
1646412742,B,MIC,3.0
1646412742,B,RSSI,89.0
1646412744,H,Temperature,23.90500068664551
1646412744,H,Humidity,28.562000274658203
1646412744,H,Pressure,101598.0
1646412744,H,Gas,4400.52294921875
1646412744,H,Accelerometer,0.0
1646412744,H,Light,3601.0
1646412744,H,MIC,3.0
1646412744,H,RSSI,91.0
1646412745,D,Temperature,21.96500015258789
1646412745,D,Humidity,33.576000213623054
1646412745,D,Pressure,101615.0
1646412745,D,Gas,2665.216064453125
1646412745,D,Accelerometer,0.0
1646412745,D,Light,523.0
1646412745,D,MIC,3.0
1646412745,D,RSSI,54.0
1646412747,E,Temperature,22.104999542236328
1646412747,E,Humidity,33.035999298095696
1646412747,E,Pressure,101589.0
1646412747,E,Gas,2858.39794921875
1646412747,E,Accelerometer,0.0
1646412747,E,Light,3941.0
1646412747,E,MIC,3.0
1646412747,E,RSSI,59.0
1646412747,F,Temperature,21.774999618530273
1646412747,F,Humidity,33.32400131225586
1646412747,F,Pressure,101628.0
1646412747,F,Gas,851.7429809570312
1646412747,F,Accelerometer,0.0
1646412747,F,Light,222.0
1646412747,F,MIC,3.0
1646412747,F,RSSI,71.0
1646412748,C,Temperature,22.875
1646412748,C,Humidity,33.235000610351555
1646412748,C,Pressure,101607.0
1646412748,C,Gas,1158.4959716796875
1646412748,C,Accelerometer,0.0
1646412748,C,Light,1488.0
1646412748,C,MIC,3.0
1646412748,C,RSSI,76.0
1646412750,G,Temperature,23.01499938964844
1646412750,G,Humidity,33.08700180053711
1646412750,G,Pressure,101613.0
1646412750,G,Gas,1697.7889404296875
1646412750,G,Accelerometer,0.0
1646412750,G,Light,1480.0
1646412750,G,MIC,3.0
1646412750,G,RSSI,75.0
1646412752,A,Temperature,22.78499984741211
1646412752,A,Humidity,33.332000732421875
1646412752,A,Pressure,101587.0
1646412752,A,Gas,1266.9139404296875
1646412752,A,Accelerometer,0.0
1646412752,A,Light,2200.0
1646412752,A,MIC,3.0
1646412752,A,RSSI,77.0
1646412753,B,Temperature,23.045000076293945
1646412753,B,Humidity,32.088001251220696
1646412753,B,Pressure,101541.0
1646412753,B,Gas,4721.64013671875
1646412753,B,Accelerometer,0.0
1646412753,B,Light,645.0
1646412753,B,MIC,3.0
1646412753,B,RSSI,89.0
1646412754,H,Temperature,23.895000457763672
1646412754,H,Humidity,28.593000411987305
1646412754,H,Pressure,101598.0
1646412754,H,Gas,4408.18896484375
1646412754,H,Accelerometer,0.0
1646412754,H,Light,3601.0
1646412754,H,MIC,3.0
1646412754,H,RSSI,91.0
1646412755,D,Temperature,21.96500015258789
1646412755,D,Humidity,33.58599853515625
1646412755,D,Pressure,101617.0
1646412755,D,Gas,2652.179931640625
1646412755,D,Accelerometer,0.0
1646412755,D,Light,518.0
1646412755,D,MIC,3.0
1646412755,D,RSSI,75.0
1646412757,E,Temperature,22.114999771118164
1646412757,E,Humidity,33.029998779296875
1646412757,E,Pressure,101593.0
1646412757,E,Gas,2855.946044921875
1646412757,E,Accelerometer,0.0
1646412757,E,Light,3937.0
1646412757,E,MIC,3.0
1646412757,E,RSSI,59.0
1646412757,F,Temperature,21.774999618530273
1646412757,F,Humidity,33.338001251220696
1646412757,F,Pressure,101630.0
1646412757,F,Gas,856.9349975585938
1646412757,F,Accelerometer,0.0
1646412757,F,Light,223.0
1646412757,F,MIC,3.0
1646412757,F,RSSI,71.0
1646412757,C,Temperature,22.875
1646412757,C,Humidity,33.235000610351555
1646412757,C,Pressure,101605.0
1646412757,C,Gas,1136.5260009765625
1646412757,C,Accelerometer,0.0
1646412757,C,Light,1488.0
1646412757,C,MIC,3.0
1646412757,C,RSSI,76.0
1646412759,G,Temperature,23.0049991607666
1646412759,G,Humidity,33.08300018310547
1646412759,G,Pressure,101613.0
1646412759,G,Gas,1689.4300537109375
1646412759,G,Accelerometer,0.0
1646412759,G,Light,1472.0
1646412759,G,MIC,3.0
1646412759,G,RSSI,75.0
1646412761,B,Temperature,23.045000076293945
1646412761,B,Humidity,32.08599853515625
1646412761,B,Pressure,101543.0
1646412761,B,Gas,4722.337890625
1646412761,B,Accelerometer,0.0
1646412761,B,Light,650.0
1646412761,B,MIC,3.0
1646412761,B,RSSI,89.0
1646412762,A,Temperature,22.795000076293945
1646412762,A,Humidity,33.30099868774414
1646412762,A,Pressure,101589.0
1646412762,A,Gas,1267.6390380859375
1646412762,A,Accelerometer,0.0
1646412762,A,Light,2203.0
1646412762,A,MIC,3.0
1646412762,A,RSSI,77.0
1646412765,H,Temperature,23.895000457763672
1646412765,H,Humidity,28.649999618530273
1646412765,H,Pressure,101600.0
1646412765,H,Gas,4410.7470703125
1646412765,H,Accelerometer,0.0
1646412765,H,Light,3604.0
1646412765,H,MIC,3.0
1646412765,H,RSSI,91.0
1646412765,D,Temperature,21.95499992370605
1646412765,D,Humidity,33.577999114990234
1646412765,D,Pressure,101613.0
1646412765,D,Gas,2646.528076171875
1646412765,D,Accelerometer,0.0
1646412765,D,Light,517.0
1646412765,D,MIC,3.0
1646412765,D,RSSI,75.0
1646412767,E,Temperature,22.114999771118164
1646412767,E,Humidity,33.029998779296875
1646412767,E,Pressure,101593.0
1646412767,E,Gas,2864.2109375
1646412767,E,Accelerometer,0.0
1646412767,E,Light,3932.0
1646412767,E,MIC,3.0
1646412767,E,RSSI,74.0
1646412768,F,Temperature,21.774999618530273
1646412768,F,Humidity,33.31100082397461
1646412768,F,Pressure,101634.0
1646412768,F,Gas,851.5659790039062
1646412768,F,Accelerometer,0.0
1646412768,F,Light,225.0
1646412768,F,MIC,3.0
1646412768,F,RSSI,71.0
1646412768,C,Temperature,22.864999771118164
1646412768,C,Humidity,33.237998962402344
1646412768,C,Pressure,101605.0
1646412768,C,Gas,1124.718994140625
1646412768,C,Accelerometer,0.0
1646412768,C,Light,1491.0
1646412768,C,MIC,3.0
1646412768,C,RSSI,76.0
1646412770,G,Temperature,23.03499984741211
1646412770,G,Humidity,33.05899810791016
1646412770,G,Pressure,101616.0
1646412770,G,Gas,1678.1929931640625
1646412770,G,Accelerometer,0.0
1646412770,G,Light,1469.0
1646412770,G,MIC,3.0
1646412770,G,RSSI,75.0
1646412771,B,Temperature,23.03499984741211
1646412771,B,Humidity,32.077999114990234
1646412771,B,Pressure,101543.0
1646412771,B,Gas,4708.47119140625
1646412771,B,Accelerometer,0.0
1646412771,B,Light,647.0
1646412771,B,MIC,3.0
1646412771,B,RSSI,89.0
1646412773,H,Temperature,23.90500068664551
1646412773,H,Humidity,28.62899971008301
1646412773,H,Pressure,101596.0
1646412773,H,Gas,4429.36279296875
1646412773,H,Accelerometer,0.0
1646412773,H,Light,3598.0
1646412773,H,MIC,3.0
1646412773,H,RSSI,91.0
1646412774,A,Temperature,22.78499984741211
1646412774,A,Humidity,33.319000244140625
1646412774,A,Pressure,101587.0
1646412774,A,Gas,1255.9150390625
1646412774,A,Accelerometer,0.0
1646412774,A,Light,2197.0
1646412774,A,MIC,3.0
1646412774,A,RSSI,77.0
1646412775,D,Temperature,21.94499969482422
1646412775,D,Humidity,33.60800170898437
1646412775,D,Pressure,101615.0
1646412775,D,Gas,2649.721923828125
1646412775,D,Accelerometer,0.0
1646412775,D,Light,516.0
1646412775,D,MIC,3.0
1646412775,D,RSSI,75.0
1646412777,E,Temperature,22.114999771118164
1646412777,E,Humidity,33.03300094604492
1646412777,E,Pressure,101593.0
1646412777,E,Gas,2854.68408203125
1646412777,E,Accelerometer,0.0
1646412777,E,Light,3942.0
1646412777,E,MIC,3.0
1646412777,E,RSSI,74.0
1646412777,F,Temperature,21.78499984741211
1646412777,F,Humidity,33.294998168945305
1646412777,F,Pressure,101634.0
1646412777,F,Gas,855.3909912109375
1646412777,F,Accelerometer,0.0
1646412777,F,Light,227.0
1646412777,F,MIC,3.0
1646412777,F,RSSI,71.0
1646412778,C,Temperature,22.864999771118164
1646412778,C,Humidity,33.22999954223633
1646412778,C,Pressure,101605.0
1646412778,C,Gas,1134.4830322265625
1646412778,C,Accelerometer,0.0
1646412778,C,Light,1477.0
1646412778,C,MIC,3.0
1646412778,C,RSSI,76.0
1646412780,G,Temperature,23.03499984741211
1646412780,G,Humidity,33.04800033569336
1646412780,G,Pressure,101614.0
1646412780,G,Gas,1665.2120361328125
1646412780,G,Accelerometer,0.0
1646412780,G,Light,1472.0
1646412780,G,MIC,3.0
1646412780,G,RSSI,75.0
1646412782,A,Temperature,22.78499984741211
1646412782,A,Humidity,33.320999145507805
1646412782,A,Pressure,101587.0
1646412782,A,Gas,1274.5360107421875
1646412782,A,Accelerometer,0.0
1646412782,A,Light,2194.0
1646412782,A,MIC,3.0
1646412782,A,RSSI,77.0
1646412782,B,Temperature,23.045000076293945
1646412782,B,Humidity,32.05099868774414
1646412782,B,Pressure,101541.0
1646412782,B,Gas,4700.26806640625
1646412782,B,Accelerometer,0.0
1646412782,B,Light,648.0
1646412782,B,MIC,3.0
1646412782,B,RSSI,88.0
1646412784,H,Temperature,23.915000915527344
1646412784,H,Humidity,28.604999542236328
1646412784,H,Pressure,101598.0
1646412784,H,Gas,4420.1181640625
1646412784,H,Accelerometer,0.0
1646412784,H,Light,3596.0
1646412784,H,MIC,3.0
1646412784,H,RSSI,91.0
1646412785,D,Temperature,21.95499992370605
1646412785,D,Humidity,33.57899856567383
1646412785,D,Pressure,101613.0
1646412785,D,Gas,2637.5830078125
1646412785,D,Accelerometer,0.0
1646412785,D,Light,517.0
1646412785,D,MIC,3.0
1646412785,D,RSSI,75.0
1646412787,E,Temperature,22.104999542236328
1646412787,E,Humidity,33.04399871826172
1646412787,E,Pressure,101589.0
1646412787,E,Gas,2846.85107421875
1646412787,E,Accelerometer,0.0
1646412787,E,Light,3941.0
1646412787,E,MIC,3.0
1646412787,E,RSSI,74.0
1646412787,F,Temperature,21.78499984741211
1646412787,F,Humidity,33.31999969482422
1646412787,F,Pressure,101632.0
1646412787,F,Gas,853.1710205078125
1646412787,F,Accelerometer,0.0
1646412787,F,Light,230.0
1646412787,F,MIC,3.0
1646412787,F,RSSI,72.0
1646412788,C,Temperature,22.875
1646412788,C,Humidity,33.19499969482422
1646412788,C,Pressure,101607.0
1646412788,C,Gas,1139.6199951171875
1646412788,C,Accelerometer,0.0
1646412788,C,Light,1477.0
1646412788,C,MIC,3.0
1646412788,C,RSSI,66.0
1646412789,G,Temperature,23.03499984741211
1646412789,G,Humidity,33.01599884033203
1646412789,G,Pressure,101614.0
1646412789,G,Gas,1668.073974609375
1646412789,G,Accelerometer,0.0
1646412789,G,Light,1478.0
1646412789,G,MIC,3.0
1646412789,G,RSSI,75.0
1646412791,A,Temperature,22.795000076293945
1646412791,A,Humidity,33.323001861572266
1646412791,A,Pressure,101587.0
1646412791,A,Gas,1271.7349853515625
1646412791,A,Accelerometer,0.0
1646412791,A,Light,2203.0
1646412791,A,MIC,3.0
1646412791,A,RSSI,77.0
1646412792,B,Temperature,23.03499984741211
1646412792,B,Humidity,32.07899856567383
1646412792,B,Pressure,101543.0
1646412792,B,Gas,4697.9599609375
1646412792,B,Accelerometer,0.0
1646412792,B,Light,649.0
1646412792,B,MIC,3.0
1646412792,B,RSSI,88.0
1646412795,H,Temperature,23.92499923706055
1646412795,H,Humidity,28.56399917602539
1646412795,H,Pressure,101595.0
1646412795,H,Gas,4439.033203125
1646412795,H,Accelerometer,0.0
1646412795,H,Light,3601.0
1646412795,H,MIC,3.0
1646412795,H,RSSI,90.0
1646412795,D,Temperature,21.95499992370605
1646412795,D,Humidity,33.59199905395508
1646412795,D,Pressure,101611.0
1646412795,D,Gas,2658.330078125
1646412795,D,Accelerometer,0.0
1646412795,D,Light,521.0
1646412795,D,MIC,3.0
1646412795,D,RSSI,75.0
1646412797,E,Temperature,22.104999542236328
1646412797,E,Humidity,33.041000366210945
1646412797,E,Pressure,101589.0
1646412797,E,Gas,2843.44189453125
1646412797,E,Accelerometer,0.0
1646412797,E,Light,3938.0
1646412797,E,MIC,3.0
1646412797,E,RSSI,74.0
1646412798,F,Temperature,21.774999618530273
1646412798,F,Humidity,33.299999237060554
1646412798,F,Pressure,101628.0
1646412798,F,Gas,845.5159912109375
1646412798,F,Accelerometer,0.0
1646412798,F,Light,234.0
1646412798,F,MIC,3.0
1646412798,F,RSSI,72.0
1646412799,C,Temperature,22.875
1646412799,C,Humidity,33.187000274658196
1646412799,C,Pressure,101609.0
1646412799,C,Gas,1132.1529541015625
1646412799,C,Accelerometer,0.0
1646412799,C,Light,1465.0
1646412799,C,MIC,3.0
1646412799,C,RSSI,66.0
1646412800,G,Temperature,23.03499984741211
1646412800,G,Humidity,33.00899887084961
1646412800,G,Pressure,101614.0
1646412800,G,Gas,1651.14697265625
1646412800,G,Accelerometer,0.0
1646412800,G,Light,1474.0
1646412800,G,MIC,3.0
1646412800,G,RSSI,74.0
1646412802,A,Temperature,22.78499984741211
1646412802,A,Humidity,33.33599853515625
1646412802,A,Pressure,101585.0
1646412802,A,Gas,1267.6719970703125
1646412802,A,Accelerometer,0.0
1646412802,A,Light,2204.0
1646412802,A,MIC,3.0
1646412802,A,RSSI,77.0
1646412803,B,Temperature,23.024999618530273
1646412803,B,Humidity,32.08599853515625
1646412803,B,Pressure,101539.0
1646412803,B,Gas,4679.52685546875
1646412803,B,Accelerometer,0.0
1646412803,B,Light,648.0
1646412803,B,MIC,3.0
1646412803,B,RSSI,88.0
1646412804,H,Temperature,23.934999465942386
1646412804,H,Humidity,28.52300071716309
1646412804,H,Pressure,101600.0
1646412804,H,Gas,4422.35400390625
1646412804,H,Accelerometer,0.0
1646412804,H,Light,3598.0
1646412804,H,MIC,3.0
1646412804,H,RSSI,90.0
1646412805,D,Temperature,21.96500015258789
1646412805,D,Humidity,33.564998626708984
1646412805,D,Pressure,101615.0
1646412805,D,Gas,2656.29296875
1646412805,D,Accelerometer,0.0
1646412805,D,Light,523.0
1646412805,D,MIC,3.0
1646412805,D,RSSI,54.0
1646412807,E,Temperature,22.114999771118164
1646412807,E,Humidity,33.02199935913086
1646412807,E,Pressure,101593.0
1646412807,E,Gas,2831.971923828125
1646412807,E,Accelerometer,0.0
1646412807,E,Light,3932.0
1646412807,E,MIC,3.0
1646412807,E,RSSI,79.0
1646412807,F,Temperature,21.774999618530273
1646412807,F,Humidity,33.28499984741211
1646412807,F,Pressure,101628.0
1646412807,F,Gas,845.0399780273438
1646412807,F,Accelerometer,0.0
1646412807,F,Light,237.0
1646412807,F,MIC,3.0
1646412807,F,RSSI,72.0
1646412808,C,Temperature,22.875
1646412808,C,Humidity,33.20199966430664
1646412808,C,Pressure,101603.0
1646412808,C,Gas,1142.4990234375
1646412808,C,Accelerometer,0.0
1646412808,C,Light,1451.0
1646412808,C,MIC,3.0
1646412808,C,RSSI,66.0
1646412811,G,Temperature,23.03499984741211
1646412811,G,Humidity,33.036998748779304
1646412811,G,Pressure,101613.0
1646412811,G,Gas,1660.0870361328125
1646412811,G,Accelerometer,0.0
1646412811,G,Light,1472.0
1646412811,G,MIC,3.0
1646412811,G,RSSI,74.0
1646412812,A,Temperature,22.78499984741211
1646412812,A,Humidity,33.34299850463867
1646412812,A,Pressure,101585.0
1646412812,A,Gas,1260.6199951171875
1646412812,A,Accelerometer,0.0
1646412812,A,Light,2193.0
1646412812,A,MIC,3.0
1646412812,A,RSSI,77.0
1646412812,B,Temperature,23.03499984741211
1646412812,B,Humidity,32.069000244140625
1646412812,B,Pressure,101541.0
1646412812,B,Gas,4674.544921875
1646412812,B,Accelerometer,0.0
1646412812,B,Light,646.0
1646412812,B,MIC,3.0
1646412812,B,RSSI,88.0
1646412813,H,Temperature,23.934999465942386
1646412813,H,Humidity,28.516000747680664
1646412813,H,Pressure,101598.0
1646412813,H,Gas,4400.1572265625
1646412813,H,Accelerometer,0.0
1646412813,H,Light,3595.0
1646412813,H,MIC,3.0
1646412813,H,RSSI,90.0
1646412815,D,Temperature,21.975000381469727
1646412815,D,Humidity,33.55699920654297
1646412815,D,Pressure,101611.0
1646412815,D,Gas,2640.080078125
1646412815,D,Accelerometer,0.0
1646412815,D,Light,524.0
1646412815,D,MIC,3.0
1646412815,D,RSSI,54.0
1646412817,E,Temperature,22.104999542236328
1646412817,E,Humidity,33.016998291015625
1646412817,E,Pressure,101587.0
1646412817,E,Gas,2836.384033203125
1646412817,E,Accelerometer,0.0
1646412817,E,Light,3915.0
1646412817,E,MIC,3.0
1646412817,E,RSSI,79.0
1646412817,F,Temperature,21.774999618530273
1646412817,F,Humidity,33.312000274658196
1646412817,F,Pressure,101634.0
1646412817,F,Gas,847.8519897460938
1646412817,F,Accelerometer,0.0
1646412817,F,Light,240.0
1646412817,F,MIC,3.0
1646412817,F,RSSI,72.0
1646412818,C,Temperature,22.88500022888184
1646412818,C,Humidity,33.182998657226555
1646412818,C,Pressure,101607.0
1646412818,C,Gas,1145.748046875
1646412818,C,Accelerometer,0.0
1646412818,C,Light,1438.0
1646412818,C,MIC,3.0
1646412818,C,RSSI,66.0
1646412820,G,Temperature,23.03499984741211
1646412820,G,Humidity,33.03400039672852
1646412820,G,Pressure,101613.0
1646412820,G,Gas,1653.593994140625
1646412820,G,Accelerometer,0.0
1646412820,G,Light,1471.0
1646412820,G,MIC,3.0
1646412820,G,RSSI,74.0
1646412823,A,Temperature,22.78499984741211
1646412823,A,Humidity,33.339000701904304
1646412823,A,Pressure,101585.0
1646412823,A,Gas,1258.0570068359375
1646412823,A,Accelerometer,0.0
1646412823,A,Light,2190.0
1646412823,A,MIC,3.0
1646412823,A,RSSI,77.0
1646412823,H,Temperature,23.934999465942386
1646412823,H,Humidity,28.49600028991699
1646412823,H,Pressure,101596.0
1646412823,H,Gas,4385.58203125
1646412823,H,Accelerometer,0.0
1646412823,H,Light,3589.0
1646412823,H,MIC,3.0
1646412823,H,RSSI,90.0
1646412825,D,Temperature,21.975000381469727
1646412825,D,Humidity,33.542999267578125
1646412825,D,Pressure,101613.0
1646412825,D,Gas,2649.40087890625
1646412825,D,Accelerometer,0.0
1646412825,D,Light,523.0
1646412825,D,MIC,3.0
1646412825,D,RSSI,54.0
1646412827,E,Temperature,22.104999542236328
1646412827,E,Humidity,33.03400039672852
1646412827,E,Pressure,101587.0
1646412827,E,Gas,2820.364013671875
1646412827,E,Accelerometer,0.0
1646412827,E,Light,3914.0
1646412827,E,MIC,3.0
1646412827,E,RSSI,79.0
1646412827,F,Temperature,21.774999618530273
1646412827,F,Humidity,33.31800079345703
1646412827,F,Pressure,101630.0
1646412827,F,Gas,842.0999755859375
1646412827,F,Accelerometer,0.0
1646412827,F,Light,245.0
1646412827,F,MIC,3.0
1646412827,F,RSSI,72.0
1646412828,C,Temperature,22.875
1646412828,C,Humidity,33.178001403808594
1646412828,C,Pressure,101603.0
1646412828,C,Gas,1155.43505859375
1646412828,C,Accelerometer,0.0
1646412828,C,Light,1434.0
1646412828,C,MIC,3.0
1646412828,C,RSSI,66.0
1646412828,B,Temperature,23.045000076293945
1646412828,B,Humidity,32.05500030517578
1646412828,B,Pressure,101541.0
1646412828,B,Gas,4672.84521484375
1646412828,B,Accelerometer,0.0
1646412828,B,Light,649.0
1646412828,B,MIC,3.0
1646412828,B,RSSI,88.0
1646412830,G,Temperature,23.03499984741211
1646412830,G,Humidity,33.00699996948242
1646412830,G,Pressure,101613.0
1646412830,G,Gas,1636.1510009765625
1646412830,G,Accelerometer,0.0
1646412830,G,Light,1478.0
1646412830,G,MIC,3.0
1646412830,G,RSSI,74.0
1646412832,A,Temperature,22.78499984741211
1646412832,A,Humidity,33.340999603271484
1646412832,A,Pressure,101585.0
1646412832,A,Gas,1273.9940185546875
1646412832,A,Accelerometer,0.0
1646412832,A,Light,2192.0
1646412832,A,MIC,3.0
1646412832,A,RSSI,77.0
1646412832,B,Temperature,23.045000076293945
1646412832,B,Humidity,32.036998748779304
1646412832,B,Pressure,101541.0
1646412832,B,Gas,4672.70703125
1646412832,B,Accelerometer,0.0
1646412832,B,Light,647.0
1646412832,B,MIC,3.0
1646412832,B,RSSI,85.0
1646412834,H,Temperature,23.94499969482422
1646412834,H,Humidity,28.48500061035156
1646412834,H,Pressure,101596.0
1646412834,H,Gas,4382.2890625
1646412834,H,Accelerometer,0.0
1646412834,H,Light,3599.0
1646412834,H,MIC,3.0
1646412834,H,RSSI,90.0
1646412835,D,Temperature,21.975000381469727
1646412835,D,Humidity,33.536998748779304
1646412835,D,Pressure,101611.0
1646412835,D,Gas,2642.56494140625
1646412835,D,Accelerometer,0.0
1646412835,D,Light,523.0
1646412835,D,MIC,3.0
1646412835,D,RSSI,54.0
1646412837,E,Temperature,22.114999771118164
1646412837,E,Humidity,32.99599838256836
1646412837,E,Pressure,101589.0
1646412837,E,Gas,2829.928955078125
1646412837,E,Accelerometer,0.0
1646412837,E,Light,3914.0
1646412837,E,MIC,3.0
1646412837,E,RSSI,79.0
1646412837,F,Temperature,21.78499984741211
1646412837,F,Humidity,33.29199981689453
1646412837,F,Pressure,101630.0
1646412837,F,Gas,839.8699951171875
1646412837,F,Accelerometer,0.0
1646412837,F,Light,249.0
1646412837,F,MIC,3.0
1646412837,F,RSSI,77.0
1646412838,C,Temperature,22.875
1646412838,C,Humidity,33.205001831054695
1646412838,C,Pressure,101605.0
1646412838,C,Gas,1149.1080322265625
1646412838,C,Accelerometer,0.0
1646412838,C,Light,1427.0
1646412838,C,MIC,3.0
1646412838,C,RSSI,77.0
1646412840,G,Temperature,23.03499984741211
1646412840,G,Humidity,33.05699920654297
1646412840,G,Pressure,101613.0
1646412840,G,Gas,1638.0
1646412840,G,Accelerometer,0.0
1646412840,G,Light,1473.0
1646412840,G,MIC,3.0
1646412840,G,RSSI,74.0
1646412842,A,Temperature,22.78499984741211
1646412842,A,Humidity,33.317001342773445
1646412842,A,Pressure,101585.0
1646412842,A,Gas,1276.9110107421875
1646412842,A,Accelerometer,0.0
1646412842,A,Light,2199.0
1646412842,A,MIC,3.0
1646412842,A,RSSI,77.0
1646412843,B,Temperature,23.045000076293945
1646412843,B,Humidity,32.05199813842773
1646412843,B,Pressure,101539.0
1646412843,B,Gas,4673.94677734375
1646412843,B,Accelerometer,0.0
1646412843,B,Light,648.0
1646412843,B,MIC,3.0
1646412843,B,RSSI,85.0
1646412844,H,Temperature,23.94499969482422
1646412844,H,Humidity,28.47900009155273
1646412844,H,Pressure,101595.0
1646412844,H,Gas,4379.43798828125
1646412844,H,Accelerometer,0.0
1646412844,H,Light,3594.0
1646412844,H,MIC,3.0
1646412844,H,RSSI,92.0
1646412846,D,Temperature,21.96500015258789
1646412846,D,Humidity,33.549999237060554
1646412846,D,Pressure,101613.0
1646412846,D,Gas,2628.531982421875
1646412846,D,Accelerometer,0.0
1646412846,D,Light,519.0
1646412846,D,MIC,3.0
1646412846,D,RSSI,54.0
1646412847,E,Temperature,22.104999542236328
1646412847,E,Humidity,33.018001556396484
1646412847,E,Pressure,101587.0
1646412847,E,Gas,2828.971923828125
1646412847,E,Accelerometer,0.0
1646412847,E,Light,3908.0
1646412847,E,MIC,3.0
1646412847,E,RSSI,79.0
1646412847,F,Temperature,21.774999618530273
1646412847,F,Humidity,33.30599975585937
1646412847,F,Pressure,101632.0
1646412847,F,Gas,851.5549926757812
1646412847,F,Accelerometer,0.0
1646412847,F,Light,252.0
1646412847,F,MIC,3.0
1646412847,F,RSSI,77.0
1646412848,C,Temperature,22.875
1646412848,C,Humidity,33.215999603271484
1646412848,C,Pressure,101603.0
1646412848,C,Gas,1147.5140380859375
1646412848,C,Accelerometer,0.0
1646412848,C,Light,1416.0
1646412848,C,MIC,3.0
1646412848,C,RSSI,77.0
1646412850,G,Temperature,23.03499984741211
1646412850,G,Humidity,33.06399917602539
1646412850,G,Pressure,101613.0
1646412850,G,Gas,1641.2939453125
1646412850,G,Accelerometer,0.0
1646412850,G,Light,1473.0
1646412850,G,MIC,3.0
1646412850,G,RSSI,71.0
1646412852,B,Temperature,23.045000076293945
1646412852,B,Humidity,32.040000915527344
1646412852,B,Pressure,101541.0
1646412852,B,Gas,4660.49609375
1646412852,B,Accelerometer,0.0
1646412852,B,Light,646.0
1646412852,B,MIC,3.0
1646412852,B,RSSI,85.0
1646412853,A,Temperature,22.795000076293945
1646412853,A,Humidity,33.299999237060554
1646412853,A,Pressure,101585.0
1646412853,A,Gas,1275.9859619140625
1646412853,A,Accelerometer,0.0
1646412853,A,Light,2200.0
1646412853,A,MIC,3.0
1646412853,A,RSSI,82.0
1646412854,H,Temperature,23.915000915527344
1646412854,H,Humidity,28.51300048828125
1646412854,H,Pressure,101595.0
1646412854,H,Gas,4387.7080078125
1646412854,H,Accelerometer,0.0
1646412854,H,Light,3595.0
1646412854,H,MIC,3.0
1646412854,H,RSSI,92.0
1646412856,D,Temperature,21.95499992370605
1646412856,D,Humidity,33.542999267578125
1646412856,D,Pressure,101611.0
1646412856,D,Gas,2613.220947265625
1646412856,D,Accelerometer,0.0
1646412856,D,Light,517.0
1646412856,D,MIC,3.0
1646412856,D,RSSI,57.0
1646412857,E,Temperature,22.104999542236328
1646412857,E,Humidity,33.00899887084961
1646412857,E,Pressure,101587.0
1646412857,E,Gas,2832.381103515625
1646412857,E,Accelerometer,0.0
1646412857,E,Light,3906.0
1646412857,E,MIC,3.0
1646412857,E,RSSI,79.0
1646412858,F,Temperature,21.78499984741211
1646412858,F,Humidity,33.27700042724609
1646412858,F,Pressure,101634.0
1646412858,F,Gas,831.781982421875
1646412858,F,Accelerometer,0.0
1646412858,F,Light,256.0
1646412858,F,MIC,3.0
1646412858,F,RSSI,77.0
1646412858,C,Temperature,22.875
1646412858,C,Humidity,33.209999084472656
1646412858,C,Pressure,101605.0
1646412858,C,Gas,1133.6090087890625
1646412858,C,Accelerometer,0.0
1646412858,C,Light,1413.0
1646412858,C,MIC,3.0
1646412858,C,RSSI,77.0
1646412860,G,Temperature,23.024999618530273
1646412860,G,Humidity,33.07400131225586
1646412860,G,Pressure,101609.0
1646412860,G,Gas,1636.698974609375
1646412860,G,Accelerometer,0.0
1646412860,G,Light,1469.0
1646412860,G,MIC,3.0
1646412860,G,RSSI,71.0
1646412862,A,Temperature,22.78499984741211
1646412862,A,Humidity,33.304000854492195
1646412862,A,Pressure,101585.0
1646412862,A,Gas,1248.9959716796875
1646412862,A,Accelerometer,0.0
1646412862,A,Light,2194.0
1646412862,A,MIC,3.0
1646412862,A,RSSI,82.0
1646412862,B,Temperature,23.03499984741211
1646412862,B,Humidity,32.062999725341804
1646412862,B,Pressure,101541.0
1646412862,B,Gas,4649.5849609375
1646412862,B,Accelerometer,0.0
1646412862,B,Light,648.0
1646412862,B,MIC,3.0
1646412862,B,RSSI,85.0
1646412864,H,Temperature,23.90500068664551
1646412864,H,Humidity,28.52899932861328
1646412864,H,Pressure,101596.0
1646412864,H,Gas,4367.01708984375
1646412864,H,Accelerometer,0.0
1646412864,H,Light,3596.0
1646412864,H,MIC,3.0
1646412864,H,RSSI,92.0
1646412866,D,Temperature,21.95499992370605
1646412866,D,Humidity,33.53400039672852
1646412866,D,Pressure,101613.0
1646412866,D,Gas,2603.0419921875
1646412866,D,Accelerometer,0.0
1646412866,D,Light,513.0
1646412866,D,MIC,3.0
1646412866,D,RSSI,57.0
1646412867,E,Temperature,22.114999771118164
1646412867,E,Humidity,33.00899887084961
1646412867,E,Pressure,101591.0
1646412867,E,Gas,2816.637939453125
1646412867,E,Accelerometer,0.0
1646412867,E,Light,3896.0
1646412867,E,MIC,3.0
1646412867,E,RSSI,61.0
1646412868,F,Temperature,21.78499984741211
1646412868,F,Humidity,33.2760009765625
1646412868,F,Pressure,101634.0
1646412868,F,Gas,831.4169921875
1646412868,F,Accelerometer,0.0
1646412868,F,Light,259.0
1646412868,F,MIC,3.0
1646412868,F,RSSI,77.0
1646412868,C,Temperature,22.88500022888184
1646412868,C,Humidity,33.16400146484375
1646412868,C,Pressure,101607.0
1646412868,C,Gas,1139.3990478515625
1646412868,C,Accelerometer,0.0
1646412868,C,Light,1405.0
1646412868,C,MIC,3.0
1646412868,C,RSSI,77.0
1646412870,G,Temperature,23.024999618530273
1646412870,G,Humidity,33.089000701904304
1646412870,G,Pressure,101613.0
1646412870,G,Gas,1628.7120361328125
1646412870,G,Accelerometer,0.0
1646412870,G,Light,1464.0
1646412870,G,MIC,3.0
1646412870,G,RSSI,71.0
1646412872,A,Temperature,22.795000076293945
1646412872,A,Humidity,33.323001861572266
1646412872,A,Pressure,101587.0
1646412872,A,Gas,1240.875
1646412872,A,Accelerometer,0.0
1646412872,A,Light,2196.0
1646412872,A,MIC,3.0
1646412872,A,RSSI,82.0
1646412873,B,Temperature,23.03499984741211
1646412873,B,Humidity,32.064998626708984
1646412873,B,Pressure,101541.0
1646412873,B,Gas,4642.09521484375
1646412873,B,Accelerometer,0.0
1646412873,B,Light,648.0
1646412873,B,MIC,3.0
1646412873,B,RSSI,85.0
1646412874,H,Temperature,23.90500068664551
1646412874,H,Humidity,28.520999908447266
1646412874,H,Pressure,101598.0
1646412874,H,Gas,4366.3740234375
1646412874,H,Accelerometer,0.0
1646412874,H,Light,3595.0
1646412874,H,MIC,3.0
1646412874,H,RSSI,92.0
1646412876,D,Temperature,21.96500015258789
1646412876,D,Humidity,33.509998321533196
1646412876,D,Pressure,101611.0
1646412876,D,Gas,2594.467041015625
1646412876,D,Accelerometer,0.0
1646412876,D,Light,507.0
1646412876,D,MIC,3.0
1646412876,D,RSSI,57.0
1646412877,E,Temperature,22.114999771118164
1646412877,E,Humidity,33.02199935913086
1646412877,E,Pressure,101593.0
1646412877,E,Gas,2806.72412109375
1646412877,E,Accelerometer,0.0
1646412877,E,Light,3893.0
1646412877,E,MIC,3.0
1646412877,E,RSSI,61.0
1646412878,F,Temperature,21.78499984741211
1646412878,F,Humidity,33.29399871826172
1646412878,F,Pressure,101634.0
1646412878,F,Gas,837.8489990234375
1646412878,F,Accelerometer,0.0
1646412878,F,Light,263.0
1646412878,F,MIC,3.0
1646412878,F,RSSI,77.0
1646412878,C,Temperature,22.875
1646412878,C,Humidity,33.18899917602539
1646412878,C,Pressure,101605.0
1646412878,C,Gas,1128.47705078125
1646412878,C,Accelerometer,0.0
1646412878,C,Light,1403.0
1646412878,C,MIC,3.0
1646412878,C,RSSI,67.0
1646412880,G,Temperature,23.01499938964844
1646412880,G,Humidity,33.05899810791016
1646412880,G,Pressure,101611.0
1646412880,G,Gas,1621.47705078125
1646412880,G,Accelerometer,0.0
1646412880,G,Light,1468.0
1646412880,G,MIC,3.0
1646412880,G,RSSI,71.0
1646412882,A,Temperature,22.78499984741211
1646412882,A,Humidity,33.312000274658196
1646412882,A,Pressure,101587.0
1646412882,A,Gas,1249.405029296875
1646412882,A,Accelerometer,0.0
1646412882,A,Light,2183.0
1646412882,A,MIC,3.0
1646412882,A,RSSI,82.0
1646412882,B,Temperature,23.03499984741211
1646412882,B,Humidity,32.041000366210945
1646412882,B,Pressure,101543.0
1646412882,B,Gas,4637.40185546875
1646412882,B,Accelerometer,0.0
1646412882,B,Light,648.0
1646412882,B,MIC,3.0
1646412882,B,RSSI,85.0
1646412884,H,Temperature,23.88500022888184
1646412884,H,Humidity,28.52300071716309
1646412884,H,Pressure,101598.0
1646412884,H,Gas,4350.15576171875
1646412884,H,Accelerometer,0.0
1646412884,H,Light,3593.0
1646412884,H,MIC,3.0
1646412884,H,RSSI,92.0
1646412886,D,Temperature,21.96500015258789
1646412886,D,Humidity,33.50699996948242
1646412886,D,Pressure,101615.0
1646412886,D,Gas,2580.89404296875
1646412886,D,Accelerometer,0.0
1646412886,D,Light,504.0
1646412886,D,MIC,3.0
1646412886,D,RSSI,57.0
1646412887,E,Temperature,22.104999542236328
1646412887,E,Humidity,33.00299835205078
1646412887,E,Pressure,101589.0
1646412887,E,Gas,2797.136962890625
1646412887,E,Accelerometer,0.0
1646412887,E,Light,3890.0
1646412887,E,MIC,3.0
1646412887,E,RSSI,61.0
1646412888,F,Temperature,21.774999618530273
1646412888,F,Humidity,33.31800079345703
1646412888,F,Pressure,101634.0
1646412888,F,Gas,855.4910278320312
1646412888,F,Accelerometer,0.0
1646412888,F,Light,268.0
1646412888,F,MIC,3.0
1646412888,F,RSSI,78.0
1646412888,C,Temperature,22.875
1646412888,C,Humidity,33.19900131225586
1646412888,C,Pressure,101607.0
1646412888,C,Gas,1129.240966796875
1646412888,C,Accelerometer,0.0
1646412888,C,Light,1392.0
1646412888,C,MIC,3.0
1646412888,C,RSSI,67.0
1646412890,G,Temperature,23.01499938964844
1646412890,G,Humidity,33.04600143432617
1646412890,G,Pressure,101613.0
1646412890,G,Gas,1592.6700439453125
1646412890,G,Accelerometer,0.0
1646412890,G,Light,1471.0
1646412890,G,MIC,3.0
1646412890,G,RSSI,71.0
1646412892,A,Temperature,22.795000076293945
1646412892,A,Humidity,33.30599975585937
1646412892,A,Pressure,101585.0
1646412892,A,Gas,1262.8509521484375
1646412892,A,Accelerometer,0.0
1646412892,A,Light,2197.0
1646412892,A,MIC,3.0
1646412892,A,RSSI,82.0
1646412892,B,Temperature,23.03499984741211
1646412892,B,Humidity,32.03499984741211
1646412892,B,Pressure,101543.0
1646412892,B,Gas,4621.56494140625
1646412892,B,Accelerometer,0.0
1646412892,B,Light,649.0
1646412892,B,MIC,3.0
1646412892,B,RSSI,85.0
1646412894,H,Temperature,23.875
1646412894,H,Humidity,28.56399917602539
1646412894,H,Pressure,101602.0
1646412894,H,Gas,4351.5732421875
1646412894,H,Accelerometer,0.0
1646412894,H,Light,3599.0
1646412894,H,MIC,3.0
1646412894,H,RSSI,91.0
1646412896,D,Temperature,21.975000381469727
1646412896,D,Humidity,33.50299835205078
1646412896,D,Pressure,101613.0
1646412896,D,Gas,2586.22998046875
1646412896,D,Accelerometer,0.0
1646412896,D,Light,500.0
1646412896,D,MIC,3.0
1646412896,D,RSSI,57.0
1646412897,E,Temperature,22.104999542236328
1646412897,E,Humidity,32.99100112915039
1646412897,E,Pressure,101591.0
1646412897,E,Gas,2776.837890625
1646412897,E,Accelerometer,0.0
1646412897,E,Light,3882.0
1646412897,E,MIC,3.0
1646412897,E,RSSI,61.0
1646412898,F,Temperature,21.78499984741211
1646412898,F,Humidity,33.312999725341804
1646412898,F,Pressure,101634.0
1646412898,F,Gas,857.344970703125
1646412898,F,Accelerometer,0.0
1646412898,F,Light,272.0
1646412898,F,MIC,3.0
1646412898,F,RSSI,78.0
1646412898,C,Temperature,22.88500022888184
1646412898,C,Humidity,33.178001403808594
1646412898,C,Pressure,101605.0
1646412898,C,Gas,1126.1910400390625
1646412898,C,Accelerometer,0.0
1646412898,C,Light,1393.0
1646412898,C,MIC,3.0
1646412898,C,RSSI,67.0
1646412900,G,Temperature,23.01499938964844
1646412900,G,Humidity,33.036998748779304
1646412900,G,Pressure,101611.0
1646412900,G,Gas,1597.1209716796875
1646412900,G,Accelerometer,0.0
1646412900,G,Light,1469.0
1646412900,G,MIC,3.0
1646412900,G,RSSI,75.0
1646412902,A,Temperature,22.795000076293945
1646412902,A,Humidity,33.29199981689453
1646412902,A,Pressure,101587.0
1646412902,A,Gas,1263.93603515625
1646412902,A,Accelerometer,0.0
1646412902,A,Light,2184.0
1646412902,A,MIC,3.0
1646412902,A,RSSI,78.0
1646412903,B,Temperature,23.024999618530273
1646412903,B,Humidity,32.02899932861328
1646412903,B,Pressure,101543.0
1646412903,B,Gas,4611.28515625
1646412903,B,Accelerometer,0.0
1646412903,B,Light,645.0
1646412903,B,MIC,3.0
1646412903,B,RSSI,85.0
1646412904,H,Temperature,23.875
1646412904,H,Humidity,28.58099937438965
1646412904,H,Pressure,101598.0
1646412904,H,Gas,4357.35693359375
1646412904,H,Accelerometer,0.0
1646412904,H,Light,3592.0
1646412904,H,MIC,3.0
1646412904,H,RSSI,91.0
1646412906,D,Temperature,21.975000381469727
1646412906,D,Humidity,33.49700164794922
1646412906,D,Pressure,101615.0
1646412906,D,Gas,2582.81005859375
1646412906,D,Accelerometer,0.0
1646412906,D,Light,498.0
1646412906,D,MIC,3.0
1646412906,D,RSSI,53.0
1646412907,E,Temperature,22.09499931335449
1646412907,E,Humidity,33.00600051879883
1646412907,E,Pressure,101589.0
1646412907,E,Gas,2771.47509765625
1646412907,E,Accelerometer,0.0
1646412907,E,Light,3878.0
1646412907,E,MIC,3.0
1646412907,E,RSSI,61.0
1646412908,F,Temperature,21.78499984741211
1646412908,F,Humidity,33.29800033569336
1646412908,F,Pressure,101632.0
1646412908,F,Gas,867.0709838867188
1646412908,F,Accelerometer,0.0
1646412908,F,Light,275.0
1646412908,F,MIC,3.0
1646412908,F,RSSI,78.0
1646412908,C,Temperature,22.875
1646412908,C,Humidity,33.160999298095696
1646412908,C,Pressure,101605.0
1646412908,C,Gas,1133.9520263671875
1646412908,C,Accelerometer,0.0
1646412908,C,Light,1384.0
1646412908,C,MIC,3.0
1646412908,C,RSSI,67.0
1646412910,G,Temperature,23.024999618530273
1646412910,G,Humidity,33.03900146484375
1646412910,G,Pressure,101611.0
1646412910,G,Gas,1610.1070556640625
1646412910,G,Accelerometer,0.0
1646412910,G,Light,1464.0
1646412910,G,MIC,3.0
1646412910,G,RSSI,75.0
1646412912,A,Temperature,22.78499984741211
1646412912,A,Humidity,33.29700088500977
1646412912,A,Pressure,101587.0
1646412912,A,Gas,1264.35595703125
1646412912,A,Accelerometer,0.0
1646412912,A,Light,2190.0
1646412912,A,MIC,3.0
1646412912,A,RSSI,78.0
1646412912,B,Temperature,23.03499984741211
1646412912,B,Humidity,32.042999267578125
1646412912,B,Pressure,101543.0
1646412912,B,Gas,4611.8662109375
1646412912,B,Accelerometer,0.0
1646412912,B,Light,647.0
1646412912,B,MIC,3.0
1646412912,B,RSSI,85.0
1646412914,H,Temperature,23.875
1646412914,H,Humidity,28.55100059509277
1646412914,H,Pressure,101600.0
1646412914,H,Gas,4340.61181640625
1646412914,H,Accelerometer,0.0
1646412914,H,Light,3593.0
1646412914,H,MIC,3.0
1646412914,H,RSSI,91.0
1646412916,D,Temperature,21.96500015258789
1646412916,D,Humidity,33.48600006103516
1646412916,D,Pressure,101611.0
1646412916,D,Gas,2576.803955078125
1646412916,D,Accelerometer,0.0
1646412916,D,Light,497.0
1646412916,D,MIC,3.0
1646412916,D,RSSI,53.0
1646412917,E,Temperature,22.104999542236328
1646412917,E,Humidity,33.014999389648445
1646412917,E,Pressure,101591.0
1646412917,E,Gas,2769.925048828125
1646412917,E,Accelerometer,0.0
1646412917,E,Light,3876.0
1646412917,E,MIC,3.0
1646412917,E,RSSI,58.0
1646412918,F,Temperature,21.78499984741211
1646412918,F,Humidity,33.28200149536133
1646412918,F,Pressure,101632.0
1646412918,F,Gas,868.2830200195312
1646412918,F,Accelerometer,0.0
1646412918,F,Light,279.0
1646412918,F,MIC,3.0
1646412918,F,RSSI,78.0
1646412918,C,Temperature,22.875
1646412918,C,Humidity,33.17300033569336
1646412918,C,Pressure,101605.0
1646412918,C,Gas,1142.68701171875
1646412918,C,Accelerometer,0.0
1646412918,C,Light,1384.0
1646412918,C,MIC,3.0
1646412918,C,RSSI,67.0
1646412920,G,Temperature,23.024999618530273
1646412920,G,Humidity,33.09199905395508
1646412920,G,Pressure,101614.0
1646412920,G,Gas,1640.8509521484375
1646412920,G,Accelerometer,0.0
1646412920,G,Light,1467.0
1646412920,G,MIC,3.0
1646412920,G,RSSI,75.0
1646412922,A,Temperature,22.78499984741211
1646412922,A,Humidity,33.30099868774414
1646412922,A,Pressure,101583.0
1646412922,A,Gas,1251.0660400390625
1646412922,A,Accelerometer,0.0
1646412922,A,Light,2184.0
1646412922,A,MIC,3.0
1646412922,A,RSSI,78.0
1646412924,B,Temperature,23.03499984741211
1646412924,B,Humidity,32.03499984741211
1646412924,B,Pressure,101541.0
1646412924,B,Gas,4621.50390625
1646412924,B,Accelerometer,0.0
1646412924,B,Light,649.0
1646412924,B,MIC,3.0
1646412924,B,RSSI,85.0
1646412924,H,Temperature,23.88500022888184
1646412924,H,Humidity,28.516000747680664
1646412924,H,Pressure,101596.0
1646412924,H,Gas,4333.953125
1646412924,H,Accelerometer,0.0
1646412924,H,Light,3592.0
1646412924,H,MIC,3.0
1646412924,H,RSSI,91.0
1646412926,D,Temperature,21.975000381469727
1646412926,D,Humidity,33.48699951171875
1646412926,D,Pressure,101611.0
1646412926,D,Gas,2583.93310546875
1646412926,D,Accelerometer,0.0
1646412926,D,Light,496.0
1646412926,D,MIC,3.0
1646412926,D,RSSI,53.0
1646412927,E,Temperature,22.114999771118164
1646412927,E,Humidity,32.976001739501946
1646412927,E,Pressure,101589.0
1646412927,E,Gas,2762.468017578125
1646412927,E,Accelerometer,0.0
1646412927,E,Light,3878.0
1646412927,E,MIC,3.0
1646412927,E,RSSI,58.0
1646412928,F,Temperature,21.78499984741211
1646412928,F,Humidity,33.28799819946289
1646412928,F,Pressure,101630.0
1646412928,F,Gas,858.8510131835938
1646412928,F,Accelerometer,0.0
1646412928,F,Light,282.0
1646412928,F,MIC,3.0
1646412928,F,RSSI,78.0
1646412928,C,Temperature,22.88500022888184
1646412928,C,Humidity,33.165000915527344
1646412928,C,Pressure,101605.0
1646412928,C,Gas,1140.3680419921875
1646412928,C,Accelerometer,0.0
1646412928,C,Light,1377.0
1646412928,C,MIC,3.0
1646412928,C,RSSI,67.0
1646412930,G,Temperature,23.03499984741211
1646412930,G,Humidity,33.041000366210945
1646412930,G,Pressure,101614.0
1646412930,G,Gas,1638.1719970703125
1646412930,G,Accelerometer,0.0
1646412930,G,Light,1469.0
1646412930,G,MIC,3.0
1646412930,G,RSSI,75.0
1646412932,A,Temperature,22.795000076293945
1646412932,A,Humidity,33.28499984741211
1646412932,A,Pressure,101585.0
1646412932,A,Gas,1259.5240478515625
1646412932,A,Accelerometer,0.0
1646412932,A,Light,2193.0
1646412932,A,MIC,3.0
1646412932,A,RSSI,78.0
1646412932,B,Temperature,23.045000076293945
1646412932,B,Humidity,32.00400161743164
1646412932,B,Pressure,101543.0
1646412932,B,Gas,4620.2138671875
1646412932,B,Accelerometer,0.0
1646412932,B,Light,647.0
1646412932,B,MIC,3.0
1646412932,B,RSSI,90.0
1646412934,H,Temperature,23.88500022888184
1646412934,H,Humidity,28.517000198364247
1646412934,H,Pressure,101596.0
1646412934,H,Gas,4318.93603515625
1646412934,H,Accelerometer,0.0
1646412934,H,Light,3595.0
1646412934,H,MIC,3.0
1646412934,H,RSSI,91.0
1646412936,D,Temperature,21.975000381469727
1646412936,D,Humidity,33.49599838256836
1646412936,D,Pressure,101613.0
1646412936,D,Gas,2595.169921875
1646412936,D,Accelerometer,0.0
1646412936,D,Light,499.0
1646412936,D,MIC,3.0
1646412936,D,RSSI,53.0
1646412937,E,Temperature,22.104999542236328
1646412937,E,Humidity,32.972000122070305
1646412937,E,Pressure,101589.0
1646412937,E,Gas,2759.125
1646412937,E,Accelerometer,0.0
1646412937,E,Light,3875.0
1646412937,E,MIC,3.0
1646412937,E,RSSI,58.0
1646412938,F,Temperature,21.774999618530273
1646412938,F,Humidity,33.30099868774414
1646412938,F,Pressure,101632.0
1646412938,F,Gas,854.698974609375
1646412938,F,Accelerometer,0.0
1646412938,F,Light,285.0
1646412938,F,MIC,3.0
1646412938,F,RSSI,79.0
1646412938,C,Temperature,22.88500022888184
1646412938,C,Humidity,33.15200042724609
1646412938,C,Pressure,101607.0
1646412938,C,Gas,1136.4649658203125
1646412938,C,Accelerometer,0.0
1646412938,C,Light,1374.0
1646412938,C,MIC,3.0
1646412938,C,RSSI,80.0
1646412940,G,Temperature,23.045000076293945
1646412940,G,Humidity,33.01599884033203
1646412940,G,Pressure,101613.0
1646412940,G,Gas,1630.4610595703125
1646412940,G,Accelerometer,0.0
1646412940,G,Light,1469.0
1646412940,G,MIC,3.0
1646412940,G,RSSI,75.0
1646412942,A,Temperature,22.78499984741211
1646412942,A,Humidity,33.28499984741211
1646412942,A,Pressure,101585.0
1646412942,A,Gas,1265.093017578125
1646412942,A,Accelerometer,0.0
1646412942,A,Light,2197.0
1646412942,A,MIC,3.0
1646412942,A,RSSI,78.0
1646412942,B,Temperature,23.045000076293945
1646412942,B,Humidity,32.01900100708008
1646412942,B,Pressure,101543.0
1646412942,B,Gas,4622.85498046875
1646412942,B,Accelerometer,0.0
1646412942,B,Light,648.0
1646412942,B,MIC,3.0
1646412942,B,RSSI,90.0
1646412945,H,Temperature,23.88500022888184
1646412945,H,Humidity,28.4950008392334
1646412945,H,Pressure,101596.0
1646412945,H,Gas,4316.9150390625
1646412945,H,Accelerometer,0.0
1646412945,H,Light,3599.0
1646412945,H,MIC,3.0
1646412945,H,RSSI,93.0
1646412946,D,Temperature,21.96500015258789
1646412946,D,Humidity,33.50299835205078
1646412946,D,Pressure,101611.0
1646412946,D,Gas,2587.5419921875
1646412946,D,Accelerometer,0.0
1646412946,D,Light,498.0
1646412946,D,MIC,3.0
1646412946,D,RSSI,53.0
1646412947,E,Temperature,22.104999542236328
1646412947,E,Humidity,32.99399948120117
1646412947,E,Pressure,101589.0
1646412947,E,Gas,2748.87890625
1646412947,E,Accelerometer,0.0
1646412947,E,Light,3886.0
1646412947,E,MIC,3.0
1646412947,E,RSSI,58.0
1646412948,F,Temperature,21.78499984741211
1646412948,F,Humidity,33.285999298095696
1646412948,F,Pressure,101632.0
1646412948,F,Gas,847.2039794921875
1646412948,F,Accelerometer,0.0
1646412948,F,Light,288.0
1646412948,F,MIC,3.0
1646412948,F,RSSI,79.0
1646412948,C,Temperature,22.875
1646412948,C,Humidity,33.192001342773445
1646412948,C,Pressure,101603.0
1646412948,C,Gas,1133.7969970703125
1646412948,C,Accelerometer,0.0
1646412948,C,Light,1371.0
1646412948,C,MIC,3.0
1646412948,C,RSSI,80.0
1646412950,G,Temperature,23.045000076293945
1646412950,G,Humidity,33.060001373291016
1646412950,G,Pressure,101613.0
1646412950,G,Gas,1641.7979736328125
1646412950,G,Accelerometer,0.0
1646412950,G,Light,1462.0
1646412950,G,MIC,3.0
1646412950,G,RSSI,70.0
1646412952,A,Temperature,22.78499984741211
1646412952,A,Humidity,33.314998626708984
1646412952,A,Pressure,101587.0
1646412952,A,Gas,1259.512939453125
1646412952,A,Accelerometer,0.0
1646412952,A,Light,2191.0
1646412952,A,MIC,3.0
1646412952,A,RSSI,81.0
1646412954,H,Temperature,23.895000457763672
1646412954,H,Humidity,28.49099922180176
1646412954,H,Pressure,101598.0
1646412954,H,Gas,4315.5478515625
1646412954,H,Accelerometer,0.0
1646412954,H,Light,3599.0
1646412954,H,MIC,3.0
1646412954,H,RSSI,93.0
1646412956,B,Temperature,23.03499984741211
1646412956,B,Humidity,32.02899932861328
1646412956,B,Pressure,101543.0
1646412956,B,Gas,4617.88916015625
1646412956,B,Accelerometer,0.0
1646412956,B,Light,646.0
1646412956,B,MIC,3.0
1646412956,B,RSSI,90.0
1646412956,D,Temperature,21.96500015258789
1646412956,D,Humidity,33.500999450683594
1646412956,D,Pressure,101615.0
1646412956,D,Gas,2597.179931640625
1646412956,D,Accelerometer,0.0
1646412956,D,Light,495.0
1646412956,D,MIC,3.0
1646412956,D,RSSI,73.0
1646412957,E,Temperature,22.104999542236328
1646412957,E,Humidity,32.977001190185554
1646412957,E,Pressure,101591.0
1646412957,E,Gas,2748.784912109375
1646412957,E,Accelerometer,0.0
1646412957,E,Light,3898.0
1646412957,E,MIC,3.0
1646412957,E,RSSI,74.0
1646412958,F,Temperature,21.78499984741211
1646412958,F,Humidity,33.279998779296875
1646412958,F,Pressure,101634.0
1646412958,F,Gas,835.0430297851562
1646412958,F,Accelerometer,0.0
1646412958,F,Light,289.0
1646412958,F,MIC,3.0
1646412958,F,RSSI,79.0
1646412958,C,Temperature,22.875
1646412958,C,Humidity,33.201000213623054
1646412958,C,Pressure,101607.0
1646412958,C,Gas,1130.386962890625
1646412958,C,Accelerometer,0.0
1646412958,C,Light,1376.0
1646412958,C,MIC,3.0
1646412958,C,RSSI,80.0
1646412960,G,Temperature,23.045000076293945
1646412960,G,Humidity,33.08300018310547
1646412960,G,Pressure,101613.0
1646412960,G,Gas,1642.1070556640625
1646412960,G,Accelerometer,0.0
1646412960,G,Light,1460.0
1646412960,G,MIC,3.0
1646412960,G,RSSI,70.0
1646412962,A,Temperature,22.795000076293945
1646412962,A,Humidity,33.285999298095696
1646412962,A,Pressure,101587.0
1646412962,A,Gas,1251.6910400390625
1646412962,A,Accelerometer,0.0
1646412962,A,Light,2187.0
1646412962,A,MIC,3.0
1646412962,A,RSSI,81.0
1646412963,B,Temperature,23.045000076293945
1646412963,B,Humidity,32.027999877929695
1646412963,B,Pressure,101543.0
1646412963,B,Gas,4617.291015625
1646412963,B,Accelerometer,0.0
1646412963,B,Light,645.0
1646412963,B,MIC,3.0
1646412963,B,RSSI,90.0
1646412965,H,Temperature,23.895000457763672
1646412965,H,Humidity,28.48500061035156
1646412965,H,Pressure,101598.0
1646412965,H,Gas,4297.17578125
1646412965,H,Accelerometer,0.0
1646412965,H,Light,3595.0
1646412965,H,MIC,3.0
1646412965,H,RSSI,93.0
1646412966,D,Temperature,21.975000381469727
1646412966,D,Humidity,33.485000610351555
1646412966,D,Pressure,101613.0
1646412966,D,Gas,2584.509033203125
1646412966,D,Accelerometer,0.0
1646412966,D,Light,490.0
1646412966,D,MIC,3.0
1646412966,D,RSSI,73.0
1646412967,E,Temperature,22.09499931335449
1646412967,E,Humidity,33.00699996948242
1646412967,E,Pressure,101591.0
1646412967,E,Gas,2747.467041015625
1646412967,E,Accelerometer,0.0
1646412967,E,Light,3896.0
1646412967,E,MIC,3.0
1646412967,E,RSSI,74.0
1646412968,F,Temperature,21.78499984741211
1646412968,F,Humidity,33.28400039672852
1646412968,F,Pressure,101632.0
1646412968,F,Gas,844.0989990234375
1646412968,F,Accelerometer,0.0
1646412968,F,Light,291.0
1646412968,F,MIC,3.0
1646412968,F,RSSI,79.0
1646412968,C,Temperature,22.875
1646412968,C,Humidity,33.173999786376946
1646412968,C,Pressure,101605.0
1646412968,C,Gas,1132.0030517578125
1646412968,C,Accelerometer,0.0
1646412968,C,Light,1369.0
1646412968,C,MIC,3.0
1646412968,C,RSSI,80.0
1646412970,G,Temperature,23.05500030517578
1646412970,G,Humidity,33.022998809814446
1646412970,G,Pressure,101614.0
1646412970,G,Gas,1646.4029541015625
1646412970,G,Accelerometer,0.0
1646412970,G,Light,1466.0
1646412970,G,MIC,3.0
1646412970,G,RSSI,70.0
1646412972,A,Temperature,22.795000076293945
1646412972,A,Humidity,33.27700042724609
1646412972,A,Pressure,101587.0
1646412972,A,Gas,1262.324951171875
1646412972,A,Accelerometer,0.0
1646412972,A,Light,2203.0
1646412972,A,MIC,3.0
1646412972,A,RSSI,81.0
1646412974,H,Temperature,23.895000457763672
1646412974,H,Humidity,28.47500038146973
1646412974,H,Pressure,101600.0
1646412974,H,Gas,4297.67919921875
1646412974,H,Accelerometer,0.0
1646412974,H,Light,3591.0
1646412974,H,MIC,3.0
1646412974,H,RSSI,93.0
1646412974,B,Temperature,23.03499984741211
1646412974,B,Humidity,32.040000915527344
1646412974,B,Pressure,101545.0
1646412974,B,Gas,4609.76904296875
1646412974,B,Accelerometer,0.0
1646412974,B,Light,649.0
1646412974,B,MIC,3.0
1646412974,B,RSSI,90.0
1646412976,D,Temperature,21.975000381469727
1646412976,D,Humidity,33.47800064086914
1646412976,D,Pressure,101611.0
1646412976,D,Gas,2574.0029296875
1646412976,D,Accelerometer,0.0
1646412976,D,Light,487.0
1646412976,D,MIC,3.0
1646412976,D,RSSI,73.0
1646412977,E,Temperature,22.09499931335449
1646412977,E,Humidity,32.99700164794922
1646412977,E,Pressure,101589.0
1646412977,E,Gas,2754.076904296875
1646412977,E,Accelerometer,0.0
1646412977,E,Light,3889.0
1646412977,E,MIC,3.0
1646412977,E,RSSI,74.0
1646412978,F,Temperature,21.78499984741211
1646412978,F,Humidity,33.266998291015625
1646412978,F,Pressure,101632.0
1646412978,F,Gas,839.4210205078125
1646412978,F,Accelerometer,0.0
1646412978,F,Light,293.0
1646412978,F,MIC,3.0
1646412978,F,RSSI,79.0
1646412978,C,Temperature,22.864999771118164
1646412978,C,Humidity,33.18099975585937
1646412978,C,Pressure,101607.0
1646412978,C,Gas,1110.8470458984377
1646412978,C,Accelerometer,0.0
1646412978,C,Light,1365.0
1646412978,C,MIC,3.0
1646412978,C,RSSI,80.0
1646412980,G,Temperature,23.05500030517578
1646412980,G,Humidity,32.987998962402344
1646412980,G,Pressure,101613.0
1646412980,G,Gas,1629.386962890625
1646412980,G,Accelerometer,0.0
1646412980,G,Light,1466.0
1646412980,G,MIC,3.0
1646412980,G,RSSI,70.0
1646412982,A,Temperature,22.795000076293945
1646412982,A,Humidity,33.29600143432617
1646412982,A,Pressure,101585.0
1646412982,A,Gas,1254.72998046875
1646412982,A,Accelerometer,0.0
1646412982,A,Light,2183.0
1646412982,A,MIC,3.0
1646412982,A,RSSI,81.0
1646412984,H,Temperature,23.895000457763672
1646412984,H,Humidity,28.54400062561035
1646412984,H,Pressure,101598.0
1646412984,H,Gas,4308.82177734375
1646412984,H,Accelerometer,0.0
1646412984,H,Light,3592.0
1646412984,H,MIC,3.0
1646412984,H,RSSI,93.0
1646412986,D,Temperature,21.975000381469727
1646412986,D,Humidity,33.48600006103516
1646412986,D,Pressure,101611.0
1646412986,D,Gas,2562.31689453125
1646412986,D,Accelerometer,0.0
1646412986,D,Light,488.0
1646412986,D,MIC,3.0
1646412986,D,RSSI,73.0
1646412987,E,Temperature,22.09499931335449
1646412987,E,Humidity,33.001998901367195
1646412987,E,Pressure,101591.0
1646412987,E,Gas,2755.12890625
1646412987,E,Accelerometer,0.0
1646412987,E,Light,3885.0
1646412987,E,MIC,3.0
1646412987,E,RSSI,74.0
1646412988,F,Temperature,21.78499984741211
1646412988,F,Humidity,33.279998779296875
1646412988,F,Pressure,101634.0
1646412988,F,Gas,833.5919799804688
1646412988,F,Accelerometer,0.0
1646412988,F,Light,296.0
1646412988,F,MIC,3.0
1646412988,F,RSSI,73.0
1646412988,C,Temperature,22.854999542236328
1646412988,C,Humidity,33.165000915527344
1646412988,C,Pressure,101605.0
1646412988,C,Gas,1111.8489990234377
1646412988,C,Accelerometer,0.0
1646412988,C,Light,1365.0
1646412988,C,MIC,3.0
1646412988,C,RSSI,80.0
1646412990,G,Temperature,23.05500030517578
1646412990,G,Humidity,33.00400161743164
1646412990,G,Pressure,101614.0
1646412990,G,Gas,1617.2030029296875
1646412990,G,Accelerometer,0.0
1646412990,G,Light,1471.0
1646412990,G,MIC,3.0
1646412990,G,RSSI,70.0
1646412992,A,Temperature,22.795000076293945
1646412992,A,Humidity,33.298999786376946
1646412992,A,Pressure,101587.0
1646412992,A,Gas,1244.594970703125
1646412992,A,Accelerometer,0.0
1646412992,A,Light,2188.0
1646412992,A,MIC,3.0
1646412992,A,RSSI,81.0
1646412994,H,Temperature,23.90500068664551
1646412994,H,Humidity,28.545000076293945
1646412994,H,Pressure,101598.0
1646412994,H,Gas,4313.3837890625
1646412994,H,Accelerometer,0.0
1646412994,H,Light,3595.0
1646412994,H,MIC,3.0
1646412994,H,RSSI,90.0
1646412996,D,Temperature,21.9950008392334
1646412996,D,Humidity,33.42200088500977
1646412996,D,Pressure,101615.0
1646412996,D,Gas,2557.3740234375
1646412996,D,Accelerometer,0.0
1646412996,D,Light,485.0
1646412996,D,MIC,3.0
1646412996,D,RSSI,73.0
1646412997,E,Temperature,22.09499931335449
1646412997,E,Humidity,33.00299835205078
1646412997,E,Pressure,101593.0
1646412997,E,Gas,2746.514892578125
1646412997,E,Accelerometer,0.0
1646412997,E,Light,3884.0
1646412997,E,MIC,3.0
1646412997,E,RSSI,74.0
1646412998,F,Temperature,21.78499984741211
1646412998,F,Humidity,33.25299835205078
1646412998,F,Pressure,101634.0
1646412998,F,Gas,838.7899780273438
1646412998,F,Accelerometer,0.0
1646412998,F,Light,297.0
1646412998,F,MIC,3.0
1646412998,F,RSSI,73.0
1646412998,C,Temperature,22.864999771118164
1646412998,C,Humidity,33.1510009765625
1646412998,C,Pressure,101605.0
1646412998,C,Gas,1101.95703125
1646412998,C,Accelerometer,0.0
1646412998,C,Light,1356.0
1646412998,C,MIC,3.0
1646412998,C,RSSI,80.0
1646413000,G,Temperature,23.05500030517578
1646413000,G,Humidity,32.98300170898437
1646413000,G,Pressure,101613.0
1646413000,G,Gas,1588.508056640625
1646413000,G,Accelerometer,0.0
1646413000,G,Light,1469.0
1646413000,G,MIC,3.0
1646413000,G,RSSI,70.0
1646413002,A,Temperature,22.795000076293945
1646413002,A,Humidity,33.30500030517578
1646413002,A,Pressure,101585.0
1646413002,A,Gas,1257.133056640625
1646413002,A,Accelerometer,0.0
1646413002,A,Light,2193.0
1646413002,A,MIC,3.0
1646413002,A,RSSI,79.0
1646413004,H,Temperature,23.895000457763672
1646413004,H,Humidity,28.57600021362305
1646413004,H,Pressure,101598.0
1646413004,H,Gas,4315.703125
1646413004,H,Accelerometer,0.0
1646413004,H,Light,3590.0
1646413004,H,MIC,3.0
1646413004,H,RSSI,90.0
1646413006,D,Temperature,21.975000381469727
1646413006,D,Humidity,33.48099899291992
1646413006,D,Pressure,101611.0
1646413006,D,Gas,2550.1279296875
1646413006,D,Accelerometer,0.0
1646413006,D,Light,483.0
1646413006,D,MIC,3.0
1646413006,D,RSSI,54.0
1646413007,E,Temperature,22.09499931335449
1646413007,E,Humidity,33.00400161743164
1646413007,E,Pressure,101591.0
1646413007,E,Gas,2733.551025390625
1646413007,E,Accelerometer,0.0
1646413007,E,Light,3883.0
1646413007,E,MIC,3.0
1646413007,E,RSSI,74.0
1646413008,F,Temperature,21.78499984741211
1646413008,F,Humidity,33.28499984741211
1646413008,F,Pressure,101634.0
1646413008,F,Gas,843.7109985351562
1646413008,F,Accelerometer,0.0
1646413008,F,Light,296.0
1646413008,F,MIC,3.0
1646413008,F,RSSI,73.0
1646413008,C,Temperature,22.875
1646413008,C,Humidity,33.14400100708008
1646413008,C,Pressure,101603.0
1646413008,C,Gas,1104.56396484375
1646413008,C,Accelerometer,0.0
1646413008,C,Light,1344.0
1646413008,C,MIC,3.0
1646413008,C,RSSI,80.0
1646413010,G,Temperature,23.05500030517578
1646413010,G,Humidity,33.00400161743164
1646413010,G,Pressure,101613.0
1646413010,G,Gas,1588.72900390625
1646413010,G,Accelerometer,0.0
1646413010,G,Light,1472.0
1646413010,G,MIC,3.0
1646413010,G,RSSI,70.0
1646413012,A,Temperature,22.795000076293945
1646413012,A,Humidity,33.304000854492195
1646413012,A,Pressure,101587.0
1646413012,A,Gas,1267.373046875
1646413012,A,Accelerometer,0.0
1646413012,A,Light,2198.0
1646413012,A,MIC,3.0
1646413012,A,RSSI,79.0
1646413014,H,Temperature,23.90500068664551
1646413014,H,Humidity,28.55100059509277
1646413014,H,Pressure,101600.0
1646413014,H,Gas,4324.1611328125
1646413014,H,Accelerometer,0.0
1646413014,H,Light,3595.0
1646413014,H,MIC,3.0
1646413014,H,RSSI,90.0
1646413016,D,Temperature,21.975000381469727
1646413016,D,Humidity,33.48199844360352
1646413016,D,Pressure,101615.0
1646413016,D,Gas,2555.071044921875
1646413016,D,Accelerometer,0.0
1646413016,D,Light,480.0
1646413016,D,MIC,3.0
1646413016,D,RSSI,54.0
1646413017,E,Temperature,22.084999084472656
1646413017,E,Humidity,33.0
1646413017,E,Pressure,101589.0
1646413017,E,Gas,2725.64697265625
1646413017,E,Accelerometer,0.0
1646413017,E,Light,3879.0
1646413017,E,MIC,3.0
1646413017,E,RSSI,75.0
1646413018,F,Temperature,21.78499984741211
1646413018,F,Humidity,33.264999389648445
1646413018,F,Pressure,101632.0
1646413018,F,Gas,842.22802734375
1646413018,F,Accelerometer,0.0
1646413018,F,Light,296.0
1646413018,F,MIC,3.0
1646413018,F,RSSI,73.0
1646413018,C,Temperature,22.875
1646413018,C,Humidity,33.13100051879883
1646413018,C,Pressure,101605.0
1646413018,C,Gas,1110.281982421875
1646413018,C,Accelerometer,0.0
1646413018,C,Light,1339.0
1646413018,C,MIC,3.0
1646413018,C,RSSI,80.0
1646413020,G,Temperature,23.05500030517578
1646413020,G,Humidity,32.988998413085945
1646413020,G,Pressure,101614.0
1646413020,G,Gas,1583.3260498046875
1646413020,G,Accelerometer,0.0
1646413020,G,Light,1459.0
1646413020,G,MIC,3.0
1646413020,G,RSSI,70.0
1646413022,A,Temperature,22.795000076293945
1646413022,A,Humidity,33.30699920654297
1646413022,A,Pressure,101587.0
1646413022,A,Gas,1249.8590087890625
1646413022,A,Accelerometer,0.0
1646413022,A,Light,2195.0
1646413022,A,MIC,3.0
1646413022,A,RSSI,79.0
1646413024,H,Temperature,23.895000457763672
1646413024,H,Humidity,28.583999633789066
1646413024,H,Pressure,101598.0
1646413024,H,Gas,4321.205078125
1646413024,H,Accelerometer,0.0
1646413024,H,Light,3589.0
1646413024,H,MIC,3.0
1646413024,H,RSSI,90.0
1646413026,D,Temperature,21.975000381469727
1646413026,D,Humidity,33.457000732421875
1646413026,D,Pressure,101613.0
1646413026,D,Gas,2548.56201171875
1646413026,D,Accelerometer,0.0
1646413026,D,Light,479.0
1646413026,D,MIC,3.0
1646413026,D,RSSI,54.0
1646413027,E,Temperature,22.09499931335449
1646413027,E,Humidity,33.00699996948242
1646413027,E,Pressure,101593.0
1646413027,E,Gas,2718.056884765625
1646413027,E,Accelerometer,0.0
1646413027,E,Light,3875.0
1646413027,E,MIC,3.0
1646413027,E,RSSI,75.0
1646413028,F,Temperature,21.78499984741211
1646413028,F,Humidity,33.286998748779304
1646413028,F,Pressure,101632.0
1646413028,F,Gas,845.8200073242188
1646413028,F,Accelerometer,0.0
1646413028,F,Light,295.0
1646413028,F,MIC,3.0
1646413028,F,RSSI,73.0
1646413028,C,Temperature,22.875
1646413028,C,Humidity,33.11600112915039
1646413028,C,Pressure,101605.0
1646413028,C,Gas,1102.5770263671877
1646413028,C,Accelerometer,0.0
1646413028,C,Light,1334.0
1646413028,C,MIC,3.0
1646413028,C,RSSI,85.0
1646413031,G,Temperature,23.065000534057607
1646413031,G,Humidity,32.965999603271484
1646413031,G,Pressure,101613.0
1646413031,G,Gas,1595.8590087890625
1646413031,G,Accelerometer,0.0
1646413031,G,Light,1466.0
1646413031,G,MIC,3.0
1646413031,G,RSSI,70.0
1646413032,A,Temperature,22.795000076293945
1646413032,A,Humidity,33.320999145507805
1646413032,A,Pressure,101585.0
1646413032,A,Gas,1261.9759521484375
1646413032,A,Accelerometer,0.0
1646413032,A,Light,2195.0
1646413032,A,MIC,3.0
1646413032,A,RSSI,79.0
1646413034,H,Temperature,23.895000457763672
1646413034,H,Humidity,28.56999969482422
1646413034,H,Pressure,101598.0
1646413034,H,Gas,4348.72119140625
1646413034,H,Accelerometer,0.0
1646413034,H,Light,3591.0
1646413034,H,MIC,3.0
1646413034,H,RSSI,90.0
1646413036,D,Temperature,21.96500015258789
1646413036,D,Humidity,33.48300170898437
1646413036,D,Pressure,101613.0
1646413036,D,Gas,2546.90087890625
1646413036,D,Accelerometer,0.0
1646413036,D,Light,477.0
1646413036,D,MIC,3.0
1646413036,D,RSSI,54.0
1646413037,E,Temperature,22.084999084472656
1646413037,E,Humidity,33.000999450683594
1646413037,E,Pressure,101589.0
1646413037,E,Gas,2714.56494140625
1646413037,E,Accelerometer,0.0
1646413037,E,Light,3870.0
1646413037,E,MIC,3.0
1646413037,E,RSSI,75.0
1646413038,F,Temperature,21.78499984741211
1646413038,F,Humidity,33.270999908447266
1646413038,F,Pressure,101632.0
1646413038,F,Gas,844.64697265625
1646413038,F,Accelerometer,0.0
1646413038,F,Light,292.0
1646413038,F,MIC,3.0
1646413038,F,RSSI,79.0
1646413038,C,Temperature,22.875
1646413038,C,Humidity,33.11100006103516
1646413038,C,Pressure,101605.0
1646413038,C,Gas,1113.487060546875
1646413038,C,Accelerometer,0.0
1646413038,C,Light,1325.0
1646413038,C,MIC,3.0
1646413038,C,RSSI,85.0
1646413040,G,Temperature,23.065000534057607
1646413040,G,Humidity,32.977001190185554
1646413040,G,Pressure,101613.0
1646413040,G,Gas,1610.8929443359375
1646413040,G,Accelerometer,0.0
1646413040,G,Light,1465.0
1646413040,G,MIC,3.0
1646413040,G,RSSI,70.0
1646413042,A,Temperature,22.80500030517578
1646413042,A,Humidity,33.30099868774414
1646413042,A,Pressure,101587.0
1646413042,A,Gas,1269.9859619140625
1646413042,A,Accelerometer,0.0
1646413042,A,Light,2199.0
1646413042,A,MIC,3.0
1646413042,A,RSSI,79.0
1646413044,H,Temperature,23.90500068664551
1646413044,H,Humidity,28.57999992370605
1646413044,H,Pressure,101596.0
1646413044,H,Gas,4350.6591796875
1646413044,H,Accelerometer,0.0
1646413044,H,Light,3589.0
1646413044,H,MIC,3.0
1646413044,H,RSSI,90.0
1646413046,D,Temperature,21.975000381469727
1646413046,D,Humidity,33.47499847412109
1646413046,D,Pressure,101615.0
1646413046,D,Gas,2552.618896484375
1646413046,D,Accelerometer,0.0
1646413046,D,Light,475.0
1646413046,D,MIC,3.0
1646413046,D,RSSI,54.0
1646413047,E,Temperature,22.084999084472656
1646413047,E,Humidity,33.000999450683594
1646413047,E,Pressure,101591.0
1646413047,E,Gas,2713.833984375
1646413047,E,Accelerometer,0.0
1646413047,E,Light,3863.0
1646413047,E,MIC,3.0
1646413047,E,RSSI,75.0
1646413048,F,Temperature,21.78499984741211
1646413048,F,Humidity,33.28300094604492
1646413048,F,Pressure,101634.0
1646413048,F,Gas,843.75
1646413048,F,Accelerometer,0.0
1646413048,F,Light,292.0
1646413048,F,MIC,3.0
1646413048,F,RSSI,79.0
1646413048,C,Temperature,22.88500022888184
1646413048,C,Humidity,33.12099838256836
1646413048,C,Pressure,101607.0
1646413048,C,Gas,1116.553955078125
1646413048,C,Accelerometer,0.0
1646413048,C,Light,1322.0
1646413048,C,MIC,3.0
1646413048,C,RSSI,85.0
1646413050,G,Temperature,23.07500076293945
1646413050,G,Humidity,32.964000701904304
1646413050,G,Pressure,101616.0
1646413050,G,Gas,1610.8759765625
1646413050,G,Accelerometer,0.0
1646413050,G,Light,1469.0
1646413050,G,MIC,3.0
1646413050,G,RSSI,70.0
1646413052,A,Temperature,22.795000076293945
1646413052,A,Humidity,33.307998657226555
1646413052,A,Pressure,101587.0
1646413052,A,Gas,1266.531982421875
1646413052,A,Accelerometer,0.0
1646413052,A,Light,2195.0
1646413052,A,MIC,3.0
1646413052,A,RSSI,77.0
1646413054,H,Temperature,23.90500068664551
1646413054,H,Humidity,28.55100059509277
1646413054,H,Pressure,101596.0
1646413054,H,Gas,4362.59423828125
1646413054,H,Accelerometer,0.0
1646413054,H,Light,3589.0
1646413054,H,MIC,3.0
1646413054,H,RSSI,90.0
1646413056,D,Temperature,21.98500061035156
1646413056,D,Humidity,33.432998657226555
1646413056,D,Pressure,101613.0
1646413056,D,Gas,2563.552001953125
1646413056,D,Accelerometer,0.0
1646413056,D,Light,473.0
1646413056,D,MIC,3.0
1646413056,D,RSSI,57.0
1646413057,E,Temperature,22.084999084472656
1646413057,E,Humidity,33.00400161743164
1646413057,E,Pressure,101591.0
1646413057,E,Gas,2716.429931640625
1646413057,E,Accelerometer,0.0
1646413057,E,Light,3866.0
1646413057,E,MIC,3.0
1646413057,E,RSSI,75.0
1646413058,F,Temperature,21.78499984741211
1646413058,F,Humidity,33.27199935913086
1646413058,F,Pressure,101632.0
1646413058,F,Gas,838.364013671875
1646413058,F,Accelerometer,0.0
1646413058,F,Light,291.0
1646413058,F,MIC,3.0
1646413058,F,RSSI,79.0
1646413058,C,Temperature,22.864999771118164
1646413058,C,Humidity,33.11600112915039
1646413058,C,Pressure,101607.0
1646413058,C,Gas,1122.177978515625
1646413058,C,Accelerometer,0.0
1646413058,C,Light,1319.0
1646413058,C,MIC,3.0
1646413058,C,RSSI,85.0
1646413060,G,Temperature,23.065000534057607
1646413060,G,Humidity,32.988998413085945
1646413060,G,Pressure,101616.0
1646413060,G,Gas,1604.843017578125
1646413060,G,Accelerometer,0.0
1646413060,G,Light,1461.0
1646413060,G,MIC,3.0
1646413060,G,RSSI,70.0
1646413062,A,Temperature,22.795000076293945
1646413062,A,Humidity,33.31399917602539
1646413062,A,Pressure,101585.0
1646413062,A,Gas,1267.2459716796875
1646413062,A,Accelerometer,0.0
1646413062,A,Light,2193.0
1646413062,A,MIC,3.0
1646413062,A,RSSI,77.0
1646413064,H,Temperature,23.915000915527344
1646413064,H,Humidity,28.542999267578125
1646413064,H,Pressure,101596.0
1646413064,H,Gas,4365.73193359375
1646413064,H,Accelerometer,0.0
1646413064,H,Light,3590.0
1646413064,H,MIC,3.0
1646413064,H,RSSI,90.0
1646413066,D,Temperature,21.975000381469727
1646413066,D,Humidity,33.437000274658196
1646413066,D,Pressure,101613.0
1646413066,D,Gas,2552.159912109375
1646413066,D,Accelerometer,0.0
1646413066,D,Light,472.0
1646413066,D,MIC,3.0
1646413066,D,RSSI,57.0
1646413067,E,Temperature,22.09499931335449
1646413067,E,Humidity,33.00299835205078
1646413067,E,Pressure,101591.0
1646413067,E,Gas,2729.123046875
1646413067,E,Accelerometer,0.0
1646413067,E,Light,3872.0
1646413067,E,MIC,3.0
1646413067,E,RSSI,81.0
1646413068,F,Temperature,21.774999618530273
1646413068,F,Humidity,33.28300094604492
1646413068,F,Pressure,101634.0
1646413068,F,Gas,825.7540283203125
1646413068,F,Accelerometer,0.0
1646413068,F,Light,290.0
1646413068,F,MIC,3.0
1646413068,F,RSSI,79.0
1646413068,C,Temperature,22.854999542236328
1646413068,C,Humidity,33.134998321533196
1646413068,C,Pressure,101607.0
1646413068,C,Gas,1114.10205078125
1646413068,C,Accelerometer,0.0
1646413068,C,Light,1319.0
1646413068,C,MIC,3.0
1646413068,C,RSSI,85.0
1646413070,G,Temperature,23.07500076293945
1646413070,G,Humidity,32.950000762939446
1646413070,G,Pressure,101616.0
1646413070,G,Gas,1596.6610107421875
1646413070,G,Accelerometer,0.0
1646413070,G,Light,1473.0
1646413070,G,MIC,3.0
1646413070,G,RSSI,70.0
1646413072,A,Temperature,22.795000076293945
1646413072,A,Humidity,33.304000854492195
1646413072,A,Pressure,101587.0
1646413072,A,Gas,1267.56103515625
1646413072,A,Accelerometer,0.0
1646413072,A,Light,2191.0
1646413072,A,MIC,3.0
1646413072,A,RSSI,77.0
1646413075,H,Temperature,23.92499923706055
1646413075,H,Humidity,28.49799919128418
1646413075,H,Pressure,101598.0
1646413075,H,Gas,4345.83203125
1646413075,H,Accelerometer,0.0
1646413075,H,Light,3596.0
1646413075,H,MIC,3.0
1646413075,H,RSSI,90.0
1646413076,D,Temperature,21.975000381469727
1646413076,D,Humidity,33.44300079345703
1646413076,D,Pressure,101615.0
1646413076,D,Gas,2545.01904296875
1646413076,D,Accelerometer,0.0
1646413076,D,Light,470.0
1646413076,D,MIC,3.0
1646413076,D,RSSI,57.0
1646413077,E,Temperature,22.09499931335449
1646413077,E,Humidity,32.976001739501946
1646413077,E,Pressure,101593.0
1646413077,E,Gas,2732.278076171875
1646413077,E,Accelerometer,0.0
1646413077,E,Light,3859.0
1646413077,E,MIC,3.0
1646413077,E,RSSI,81.0
1646413078,F,Temperature,21.774999618530273
1646413078,F,Humidity,33.266998291015625
1646413078,F,Pressure,101636.0
1646413078,F,Gas,828.8150024414062
1646413078,F,Accelerometer,0.0
1646413078,F,Light,287.0
1646413078,F,MIC,3.0
1646413078,F,RSSI,79.0
1646413079,C,Temperature,22.854999542236328
1646413079,C,Humidity,33.15800094604492
1646413079,C,Pressure,101609.0
1646413079,C,Gas,1105.27294921875
1646413079,C,Accelerometer,0.0
1646413079,C,Light,1312.0
1646413079,C,MIC,3.0
1646413079,C,RSSI,85.0
1646413081,G,Temperature,23.065000534057607
1646413081,G,Humidity,32.99100112915039
1646413081,G,Pressure,101614.0
1646413081,G,Gas,1601.449951171875
1646413081,G,Accelerometer,0.0
1646413081,G,Light,1463.0
1646413081,G,MIC,3.0
1646413081,G,RSSI,70.0
1646413082,A,Temperature,22.795000076293945
1646413082,A,Humidity,33.316001892089844
1646413082,A,Pressure,101587.0
1646413082,A,Gas,1265.1700439453125
1646413082,A,Accelerometer,0.0
1646413082,A,Light,2195.0
1646413082,A,MIC,3.0
1646413082,A,RSSI,77.0
1646413084,H,Temperature,23.92499923706055
1646413084,H,Humidity,28.452999114990234
1646413084,H,Pressure,101602.0
1646413084,H,Gas,4339.76513671875
1646413084,H,Accelerometer,0.0
1646413084,H,Light,3594.0
1646413084,H,MIC,3.0
1646413084,H,RSSI,90.0
1646413086,D,Temperature,21.975000381469727
1646413086,D,Humidity,33.429000854492195
1646413086,D,Pressure,101617.0
1646413086,D,Gas,2523.014892578125
1646413086,D,Accelerometer,0.0
1646413086,D,Light,468.0
1646413086,D,MIC,3.0
1646413086,D,RSSI,57.0
1646413087,E,Temperature,22.084999084472656
1646413087,E,Humidity,32.957000732421875
1646413087,E,Pressure,101593.0
1646413087,E,Gas,2720.8798828125
1646413087,E,Accelerometer,0.0
1646413087,E,Light,3859.0
1646413087,E,MIC,3.0
1646413087,E,RSSI,81.0
1646413088,F,Temperature,21.78499984741211
1646413088,F,Humidity,33.25
1646413088,F,Pressure,101638.0
1646413088,F,Gas,822.2059936523438
1646413088,F,Accelerometer,0.0
1646413088,F,Light,283.0
1646413088,F,MIC,3.0
1646413088,F,RSSI,78.0
1646413088,C,Temperature,22.864999771118164
1646413088,C,Humidity,33.14500045776367
1646413088,C,Pressure,101611.0
1646413088,C,Gas,1113.2550048828123
1646413088,C,Accelerometer,0.0
1646413088,C,Light,1307.0
1646413088,C,MIC,3.0
1646413088,C,RSSI,74.0
1646413091,G,Temperature,23.065000534057607
1646413091,G,Humidity,33.01900100708008
1646413091,G,Pressure,101614.0
1646413091,G,Gas,1605.0140380859375
1646413091,G,Accelerometer,0.0
1646413091,G,Light,1466.0
1646413091,G,MIC,3.0
1646413091,G,RSSI,70.0
1646413092,A,Temperature,22.795000076293945
1646413092,A,Humidity,33.316001892089844
1646413092,A,Pressure,101587.0
1646413092,A,Gas,1275.27197265625
1646413092,A,Accelerometer,0.0
1646413092,A,Light,2188.0
1646413092,A,MIC,3.0
1646413092,A,RSSI,77.0
1646413094,H,Temperature,23.92499923706055
1646413094,H,Humidity,28.44700050354004
1646413094,H,Pressure,101602.0
1646413094,H,Gas,4334.1748046875
1646413094,H,Accelerometer,0.0
1646413094,H,Light,3595.0
1646413094,H,MIC,3.0
1646413094,H,RSSI,79.0
1646413096,D,Temperature,21.975000381469727
1646413096,D,Humidity,33.43099975585937
1646413096,D,Pressure,101617.0
1646413096,D,Gas,2526.735107421875
1646413096,D,Accelerometer,0.0
1646413096,D,Light,464.0
1646413096,D,MIC,3.0
1646413096,D,RSSI,57.0
1646413097,E,Temperature,22.09499931335449
1646413097,E,Humidity,32.94699859619141
1646413097,E,Pressure,101595.0
1646413097,E,Gas,2710.65087890625
1646413097,E,Accelerometer,0.0
1646413097,E,Light,3852.0
1646413097,E,MIC,3.0
1646413097,E,RSSI,81.0
1646413098,F,Temperature,21.78499984741211
1646413098,F,Humidity,33.262001037597656
1646413098,F,Pressure,101638.0
1646413098,F,Gas,823.197021484375
1646413098,F,Accelerometer,0.0
1646413098,F,Light,281.0
1646413098,F,MIC,3.0
1646413098,F,RSSI,78.0
1646413099,C,Temperature,22.864999771118164
1646413099,C,Humidity,33.14699935913086
1646413099,C,Pressure,101609.0
1646413099,C,Gas,1106.258056640625
1646413099,C,Accelerometer,0.0
1646413099,C,Light,1300.0
1646413099,C,MIC,3.0
1646413099,C,RSSI,74.0
1646413100,G,Temperature,23.05500030517578
1646413100,G,Humidity,33.03499984741211
1646413100,G,Pressure,101616.0
1646413100,G,Gas,1622.8050537109375
1646413100,G,Accelerometer,0.0
1646413100,G,Light,1468.0
1646413100,G,MIC,3.0
1646413100,G,RSSI,75.0
1646413102,A,Temperature,22.795000076293945
1646413102,A,Humidity,33.314998626708984
1646413102,A,Pressure,101589.0
1646413102,A,Gas,1280.177001953125
1646413102,A,Accelerometer,0.0
1646413102,A,Light,2188.0
1646413102,A,MIC,3.0
1646413102,A,RSSI,84.0
1646413105,H,Temperature,23.92499923706055
1646413105,H,Humidity,28.44599914550781
1646413105,H,Pressure,101602.0
1646413105,H,Gas,4315.2431640625
1646413105,H,Accelerometer,0.0
1646413105,H,Light,3595.0
1646413105,H,MIC,3.0
1646413105,H,RSSI,79.0
1646413106,D,Temperature,21.96500015258789
1646413106,D,Humidity,33.417999267578125
1646413106,D,Pressure,101615.0
1646413106,D,Gas,2521.089111328125
1646413106,D,Accelerometer,0.0
1646413106,D,Light,460.0
1646413106,D,MIC,3.0
1646413106,D,RSSI,53.0
1646413107,E,Temperature,22.09499931335449
1646413107,E,Humidity,32.965999603271484
1646413107,E,Pressure,101595.0
1646413107,E,Gas,2710.10888671875
1646413107,E,Accelerometer,0.0
1646413107,E,Light,3863.0
1646413107,E,MIC,3.0
1646413107,E,RSSI,61.0
1646413108,F,Temperature,21.78499984741211
1646413108,F,Humidity,33.25
1646413108,F,Pressure,101636.0
1646413108,F,Gas,823.72802734375
1646413108,F,Accelerometer,0.0
1646413108,F,Light,280.0
1646413108,F,MIC,3.0
1646413108,F,RSSI,78.0
1646413108,C,Temperature,22.854999542236328
1646413108,C,Humidity,33.15599822998047
1646413108,C,Pressure,101609.0
1646413108,C,Gas,1095.385986328125
1646413108,C,Accelerometer,0.0
1646413108,C,Light,1304.0
1646413108,C,MIC,3.0
1646413108,C,RSSI,74.0
1646413110,G,Temperature,23.045000076293945
1646413110,G,Humidity,33.062999725341804
1646413110,G,Pressure,101618.0
1646413110,G,Gas,1639.5
1646413110,G,Accelerometer,0.0
1646413110,G,Light,1472.0
1646413110,G,MIC,3.0
1646413110,G,RSSI,75.0
1646413113,A,Temperature,22.78499984741211
1646413113,A,Humidity,33.330001831054695
1646413113,A,Pressure,101587.0
1646413113,A,Gas,1269.8590087890625
1646413113,A,Accelerometer,0.0
1646413113,A,Light,2186.0
1646413113,A,MIC,3.0
1646413113,A,RSSI,84.0
1646413114,H,Temperature,23.92499923706055
1646413114,H,Humidity,28.5
1646413114,H,Pressure,101600.0
1646413114,H,Gas,4319.533203125
1646413114,H,Accelerometer,0.0
1646413114,H,Light,3597.0
1646413114,H,MIC,3.0
1646413114,H,RSSI,79.0
1646413116,D,Temperature,21.975000381469727
1646413116,D,Humidity,33.40700149536133
1646413116,D,Pressure,101615.0
1646413116,D,Gas,2518.9970703125
1646413116,D,Accelerometer,0.0
1646413116,D,Light,453.0
1646413116,D,MIC,3.0
1646413116,D,RSSI,53.0
1646413117,E,Temperature,22.104999542236328
1646413117,E,Humidity,32.951000213623054
1646413117,E,Pressure,101591.0
1646413117,E,Gas,2723.636962890625
1646413117,E,Accelerometer,0.0
1646413117,E,Light,3857.0
1646413117,E,MIC,3.0
1646413117,E,RSSI,61.0
1646413118,F,Temperature,21.78499984741211
1646413118,F,Humidity,33.261001586914055
1646413118,F,Pressure,101636.0
1646413118,F,Gas,822.614990234375
1646413118,F,Accelerometer,0.0
1646413118,F,Light,277.0
1646413118,F,MIC,3.0
1646413118,F,RSSI,78.0
1646413118,C,Temperature,22.854999542236328
1646413118,C,Humidity,33.11800003051758
1646413118,C,Pressure,101605.0
1646413118,C,Gas,1093.02294921875
1646413118,C,Accelerometer,0.0
1646413118,C,Light,1291.0
1646413118,C,MIC,3.0
1646413118,C,RSSI,74.0
1646413121,G,Temperature,23.045000076293945
1646413121,G,Humidity,33.06399917602539
1646413121,G,Pressure,101614.0
1646413121,G,Gas,1646.3809814453125
1646413121,G,Accelerometer,0.0
1646413121,G,Light,1469.0
1646413121,G,MIC,3.0
1646413121,G,RSSI,75.0
1646413122,A,Temperature,22.795000076293945
1646413122,A,Humidity,33.307998657226555
1646413122,A,Pressure,101587.0
1646413122,A,Gas,1267.3399658203125
1646413122,A,Accelerometer,0.0
1646413122,A,Light,2198.0
1646413122,A,MIC,3.0
1646413122,A,RSSI,84.0
1646413125,H,Temperature,23.934999465942386
1646413125,H,Humidity,28.513999938964844
1646413125,H,Pressure,101600.0
1646413125,H,Gas,4335.42578125
1646413125,H,Accelerometer,0.0
1646413125,H,Light,3594.0
1646413125,H,MIC,3.0
1646413125,H,RSSI,79.0
1646413126,D,Temperature,21.95499992370605
1646413126,D,Humidity,33.42100143432617
1646413126,D,Pressure,101615.0
1646413126,D,Gas,2526.29296875
1646413126,D,Accelerometer,0.0
1646413126,D,Light,447.0
1646413126,D,MIC,3.0
1646413126,D,RSSI,53.0
1646413127,E,Temperature,22.104999542236328
1646413127,E,Humidity,32.93099975585937
1646413127,E,Pressure,101591.0
1646413127,E,Gas,2729.89208984375
1646413127,E,Accelerometer,0.0
1646413127,E,Light,3858.0
1646413127,E,MIC,3.0
1646413127,E,RSSI,61.0
1646413130,F,Temperature,21.774999618530273
1646413130,F,Humidity,33.262001037597656
1646413130,F,Pressure,101636.0
1646413130,F,Gas,819.3770141601562
1646413130,F,Accelerometer,0.0
1646413130,F,Light,273.0
1646413130,F,MIC,3.0
1646413130,F,RSSI,78.0
1646413130,C,Temperature,22.84499931335449
1646413130,C,Humidity,33.11899948120117
1646413130,C,Pressure,101607.0
1646413130,C,Gas,1099.4990234375
1646413130,C,Accelerometer,0.0
1646413130,C,Light,1295.0
1646413130,C,MIC,3.0
1646413130,C,RSSI,67.0
1646413130,G,Temperature,23.045000076293945
1646413130,G,Humidity,33.027999877929695
1646413130,G,Pressure,101616.0
1646413130,G,Gas,1650.9859619140625
1646413130,G,Accelerometer,0.0
1646413130,G,Light,1459.0
1646413130,G,MIC,3.0
1646413130,G,RSSI,75.0
1646413132,A,Temperature,22.795000076293945
1646413132,A,Humidity,33.31999969482422
1646413132,A,Pressure,101587.0
1646413132,A,Gas,1255.6099853515625
1646413132,A,Accelerometer,0.0
1646413132,A,Light,2195.0
1646413132,A,MIC,3.0
1646413132,A,RSSI,84.0
1646413135,H,Temperature,23.915000915527344
1646413135,H,Humidity,28.507999420166016
1646413135,H,Pressure,101602.0
1646413135,H,Gas,4341.85791015625
1646413135,H,Accelerometer,0.0
1646413135,H,Light,3597.0
1646413135,H,MIC,3.0
1646413135,H,RSSI,79.0
1646413136,D,Temperature,21.95499992370605
1646413136,D,Humidity,33.417999267578125
1646413136,D,Pressure,101617.0
1646413136,D,Gas,2529.81298828125
1646413136,D,Accelerometer,0.0
1646413136,D,Light,443.0
1646413136,D,MIC,3.0
1646413136,D,RSSI,53.0
1646413137,E,Temperature,22.104999542236328
1646413137,E,Humidity,32.91400146484375
1646413137,E,Pressure,101595.0
1646413137,E,Gas,2721.72802734375
1646413137,E,Accelerometer,0.0
1646413137,E,Light,3856.0
1646413137,E,MIC,3.0
1646413137,E,RSSI,61.0
1646413138,F,Temperature,21.78499984741211
1646413138,F,Humidity,33.25299835205078
1646413138,F,Pressure,101638.0
1646413138,F,Gas,828.1229858398438
1646413138,F,Accelerometer,0.0
1646413138,F,Light,270.0
1646413138,F,MIC,3.0
1646413138,F,RSSI,78.0
1646413139,C,Temperature,22.854999542236328
1646413139,C,Humidity,33.10800170898437
1646413139,C,Pressure,101607.0
1646413139,C,Gas,1100.47900390625
1646413139,C,Accelerometer,0.0
1646413139,C,Light,1289.0
1646413139,C,MIC,3.0
1646413139,C,RSSI,67.0
1646413141,G,Temperature,23.045000076293945
1646413141,G,Humidity,33.02199935913086
1646413141,G,Pressure,101618.0
1646413141,G,Gas,1635.31005859375
1646413141,G,Accelerometer,0.0
1646413141,G,Light,1467.0
1646413141,G,MIC,3.0
1646413141,G,RSSI,75.0
1646413142,A,Temperature,22.795000076293945
1646413142,A,Humidity,33.303001403808594
1646413142,A,Pressure,101591.0
1646413142,A,Gas,1267.75
1646413142,A,Accelerometer,0.0
1646413142,A,Light,2197.0
1646413142,A,MIC,3.0
1646413142,A,RSSI,84.0
1646413146,D,Temperature,21.96500015258789
1646413146,D,Humidity,33.40599822998047
1646413146,D,Pressure,101617.0
1646413146,D,Gas,2513.3779296875
1646413146,D,Accelerometer,0.0
1646413146,D,Light,433.0
1646413146,D,MIC,3.0
1646413146,D,RSSI,53.0
1646413147,E,Temperature,22.104999542236328
1646413147,E,Humidity,32.89500045776367
1646413147,E,Pressure,101595.0
1646413147,E,Gas,2704.24609375
1646413147,E,Accelerometer,0.0
1646413147,E,Light,3861.0
1646413147,E,MIC,3.0
1646413147,E,RSSI,61.0
1646413148,F,Temperature,21.774999618530273
1646413148,F,Humidity,33.28400039672852
1646413148,F,Pressure,101638.0
1646413148,F,Gas,833.3380126953125
1646413148,F,Accelerometer,0.0
1646413148,F,Light,268.0
1646413148,F,MIC,3.0
1646413148,F,RSSI,78.0
1646413148,C,Temperature,22.84499931335449
1646413148,C,Humidity,33.134998321533196
1646413148,C,Pressure,101607.0
1646413148,C,Gas,1091.18505859375
1646413148,C,Accelerometer,0.0
1646413148,C,Light,1294.0
1646413148,C,MIC,3.0
1646413148,C,RSSI,67.0
1646413151,G,Temperature,23.045000076293945
1646413151,G,Humidity,32.98699951171875
1646413151,G,Pressure,101618.0
1646413151,G,Gas,1624.947998046875
1646413151,G,Accelerometer,0.0
1646413151,G,Light,1461.0
1646413151,G,MIC,3.0
1646413151,G,RSSI,75.0
1646413153,A,Temperature,22.80500030517578
1646413153,A,Humidity,33.275001525878906
1646413153,A,Pressure,101591.0
1646413153,A,Gas,1263.321044921875
1646413153,A,Accelerometer,0.0
1646413153,A,Light,2191.0
1646413153,A,MIC,3.0
1646413153,A,RSSI,82.0
1646413154,H,Temperature,23.90500068664551
1646413154,H,Humidity,28.52400016784668
1646413154,H,Pressure,101602.0
1646413154,H,Gas,4338.35986328125
1646413154,H,Accelerometer,0.0
1646413154,H,Light,3596.0
1646413154,H,MIC,3.0
1646413154,H,RSSI,90.0
1646413156,D,Temperature,21.96500015258789
1646413156,D,Humidity,33.38800048828125
1646413156,D,Pressure,101615.0
1646413156,D,Gas,2513.7880859375
1646413156,D,Accelerometer,0.0
1646413156,D,Light,427.0
1646413156,D,MIC,3.0
1646413156,D,RSSI,73.0
1646413157,E,Temperature,22.114999771118164
1646413157,E,Humidity,32.86100006103516
1646413157,E,Pressure,101595.0
1646413157,E,Gas,2705.14306640625
1646413157,E,Accelerometer,0.0
1646413157,E,Light,3856.0
1646413157,E,MIC,3.0
1646413157,E,RSSI,61.0
1646413158,C,Temperature,22.854999542236328
1646413158,C,Humidity,33.136001586914055
1646413158,C,Pressure,101609.0
1646413158,C,Gas,1088.06298828125
1646413158,C,Accelerometer,0.0
1646413158,C,Light,1291.0
1646413158,C,MIC,3.0
1646413158,C,RSSI,67.0
1646413159,F,Temperature,21.774999618530273
1646413159,F,Humidity,33.262001037597656
1646413159,F,Pressure,101634.0
1646413159,F,Gas,823.948974609375
1646413159,F,Accelerometer,0.0
1646413159,F,Light,266.0
1646413159,F,MIC,3.0
1646413159,F,RSSI,78.0
1646413161,G,Temperature,23.045000076293945
1646413161,G,Humidity,33.01599884033203
1646413161,G,Pressure,101614.0
1646413161,G,Gas,1621.5050048828125
1646413161,G,Accelerometer,0.0
1646413161,G,Light,1467.0
1646413161,G,MIC,3.0
1646413161,G,RSSI,75.0
1646413163,A,Temperature,22.80500030517578
1646413163,A,Humidity,33.251998901367195
1646413163,A,Pressure,101589.0
1646413163,A,Gas,1257.39794921875
1646413163,A,Accelerometer,0.0
1646413163,A,Light,2195.0
1646413163,A,MIC,3.0
1646413163,A,RSSI,82.0
1646413165,H,Temperature,23.92499923706055
1646413165,H,Humidity,28.45400047302246
1646413165,H,Pressure,101600.0
1646413165,H,Gas,4318.67578125
1646413165,H,Accelerometer,0.0
1646413165,H,Light,3597.0
1646413165,H,MIC,3.0
1646413165,H,RSSI,90.0
1646413166,D,Temperature,21.95499992370605
1646413166,D,Humidity,33.386001586914055
1646413166,D,Pressure,101617.0
1646413166,D,Gas,2508.81103515625
1646413166,D,Accelerometer,0.0
1646413166,D,Light,420.0
1646413166,D,MIC,3.0
1646413166,D,RSSI,73.0
1646413167,E,Temperature,22.114999771118164
1646413167,E,Humidity,32.86999893188477
1646413167,E,Pressure,101595.0
1646413167,E,Gas,2692.1298828125
1646413167,E,Accelerometer,0.0
1646413167,E,Light,3856.0
1646413167,E,MIC,3.0
1646413167,E,RSSI,61.0
1646413168,F,Temperature,21.78499984741211
1646413168,F,Humidity,33.23099899291992
1646413168,F,Pressure,101636.0
1646413168,F,Gas,829.1420288085938
1646413168,F,Accelerometer,0.0
1646413168,F,Light,263.0
1646413168,F,MIC,3.0
1646413168,F,RSSI,78.0
1646413168,C,Temperature,22.854999542236328
1646413168,C,Humidity,33.125999450683594
1646413168,C,Pressure,101609.0
1646413168,C,Gas,1075.43701171875
1646413168,C,Accelerometer,0.0
1646413168,C,Light,1286.0
1646413168,C,MIC,3.0
1646413168,C,RSSI,67.0
1646413170,G,Temperature,23.045000076293945
1646413170,G,Humidity,33.048999786376946
1646413170,G,Pressure,101616.0
1646413170,G,Gas,1617.97802734375
1646413170,G,Accelerometer,0.0
1646413170,G,Light,1471.0
1646413170,G,MIC,3.0
1646413170,G,RSSI,75.0
1646413173,A,Temperature,22.795000076293945
1646413173,A,Humidity,33.26900100708008
1646413173,A,Pressure,101589.0
1646413173,A,Gas,1235.4449462890625
1646413173,A,Accelerometer,0.0
1646413173,A,Light,2197.0
1646413173,A,MIC,3.0
1646413173,A,RSSI,82.0
1646413173,B,Temperature,23.05500030517578
1646413173,B,Humidity,31.908000946044922
1646413173,B,Pressure,101543.0
1646413173,B,Gas,4506.55419921875
1646413173,B,Accelerometer,0.0
1646413173,B,Light,649.0
1646413173,B,MIC,3.0
1646413173,B,RSSI,95.0
1646413175,H,Temperature,23.934999465942386
1646413175,H,Humidity,28.39900016784668
1646413175,H,Pressure,101600.0
1646413175,H,Gas,4297.55712890625
1646413175,H,Accelerometer,0.0
1646413175,H,Light,3597.0
1646413175,H,MIC,3.0
1646413175,H,RSSI,90.0
1646413176,D,Temperature,21.94499969482422
1646413176,D,Humidity,33.411998748779304
1646413176,D,Pressure,101615.0
1646413176,D,Gas,2487.843017578125
1646413176,D,Accelerometer,0.0
1646413176,D,Light,413.0
1646413176,D,MIC,3.0
1646413176,D,RSSI,73.0
1646413177,E,Temperature,22.104999542236328
1646413177,E,Humidity,32.86199951171875
1646413177,E,Pressure,101593.0
1646413177,E,Gas,2678.756103515625
1646413177,E,Accelerometer,0.0
1646413177,E,Light,3857.0
1646413177,E,MIC,3.0
1646413177,E,RSSI,61.0
1646413178,F,Temperature,21.774999618530273
1646413178,F,Humidity,33.22999954223633
1646413178,F,Pressure,101638.0
1646413178,F,Gas,816.448974609375
1646413178,F,Accelerometer,0.0
1646413178,F,Light,260.0
1646413178,F,MIC,3.0
1646413178,F,RSSI,78.0
1646413179,C,Temperature,22.854999542236328
1646413179,C,Humidity,33.10900115966797
1646413179,C,Pressure,101611.0
1646413179,C,Gas,1067.3990478515623
1646413179,C,Accelerometer,0.0
1646413179,C,Light,1289.0
1646413179,C,MIC,3.0
1646413179,C,RSSI,76.0
1646413180,G,Temperature,23.045000076293945
1646413180,G,Humidity,33.09299850463867
1646413180,G,Pressure,101616.0
1646413180,G,Gas,1636.22900390625
1646413180,G,Accelerometer,0.0
1646413180,G,Light,1466.0
1646413180,G,MIC,3.0
1646413180,G,RSSI,75.0
1646413182,A,Temperature,22.795000076293945
1646413182,A,Humidity,33.30099868774414
1646413182,A,Pressure,101589.0
1646413182,A,Gas,1234.2099609375
1646413182,A,Accelerometer,0.0
1646413182,A,Light,2195.0
1646413182,A,MIC,3.0
1646413182,A,RSSI,82.0
1646413183,B,Temperature,23.05500030517578
1646413183,B,Humidity,31.913000106811523
1646413183,B,Pressure,101543.0
1646413183,B,Gas,4502.9677734375
1646413183,B,Accelerometer,0.0
1646413183,B,Light,647.0
1646413183,B,MIC,3.0
1646413183,B,RSSI,94.0
1646413185,H,Temperature,23.92499923706055
1646413185,H,Humidity,28.395999908447266
1646413185,H,Pressure,101602.0
1646413185,H,Gas,4284.4111328125
1646413185,H,Accelerometer,0.0
1646413185,H,Light,3597.0
1646413185,H,MIC,3.0
1646413185,H,RSSI,90.0
1646413186,D,Temperature,21.95499992370605
1646413186,D,Humidity,33.393001556396484
1646413186,D,Pressure,101619.0
1646413186,D,Gas,2492.093994140625
1646413186,D,Accelerometer,0.0
1646413186,D,Light,407.0
1646413186,D,MIC,3.0
1646413186,D,RSSI,73.0
1646413187,E,Temperature,22.104999542236328
1646413187,E,Humidity,32.852001190185554
1646413187,E,Pressure,101595.0
1646413187,E,Gas,2672.0859375
1646413187,E,Accelerometer,0.0
1646413187,E,Light,3858.0
1646413187,E,MIC,3.0
1646413187,E,RSSI,61.0
1646413188,C,Temperature,22.854999542236328
1646413188,C,Humidity,33.10400009155273
1646413188,C,Pressure,101607.0
1646413188,C,Gas,1067.3719482421877
1646413188,C,Accelerometer,0.0
1646413188,C,Light,1283.0
1646413188,C,MIC,3.0
1646413188,C,RSSI,76.0
1646413189,F,Temperature,21.774999618530273
1646413189,F,Humidity,33.262001037597656
1646413189,F,Pressure,101638.0
1646413189,F,Gas,815.3419799804688
1646413189,F,Accelerometer,0.0
1646413189,F,Light,257.0
1646413189,F,MIC,3.0
1646413189,F,RSSI,72.0
1646413191,G,Temperature,23.03499984741211
1646413191,G,Humidity,33.03300094604492
1646413191,G,Pressure,101618.0
1646413191,G,Gas,1637.258056640625
1646413191,G,Accelerometer,0.0
1646413191,G,Light,1466.0
1646413191,G,MIC,3.0
1646413191,G,RSSI,75.0
1646413192,A,Temperature,22.795000076293945
1646413192,A,Humidity,33.299999237060554
1646413192,A,Pressure,101589.0
1646413192,A,Gas,1228.740966796875
1646413192,A,Accelerometer,0.0
1646413192,A,Light,2194.0
1646413192,A,MIC,3.0
1646413192,A,RSSI,82.0
1646413193,B,Temperature,23.05500030517578
1646413193,B,Humidity,31.88500022888184
1646413193,B,Pressure,101550.0
1646413193,B,Gas,4488.0830078125
1646413193,B,Accelerometer,0.0
1646413193,B,Light,650.0
1646413193,B,MIC,3.0
1646413193,B,RSSI,94.0
1646413196,H,Temperature,23.92499923706055
1646413196,H,Humidity,28.42499923706055
1646413196,H,Pressure,101600.0
1646413196,H,Gas,4286.81884765625
1646413196,H,Accelerometer,0.0
1646413196,H,Light,3598.0
1646413196,H,MIC,3.0
1646413196,H,RSSI,86.0
1646413196,D,Temperature,21.95499992370605
1646413196,D,Humidity,33.393001556396484
1646413196,D,Pressure,101617.0
1646413196,D,Gas,2480.77392578125
1646413196,D,Accelerometer,0.0
1646413196,D,Light,405.0
1646413196,D,MIC,3.0
1646413196,D,RSSI,73.0
1646413197,E,Temperature,22.104999542236328
1646413197,E,Humidity,32.865001678466804
1646413197,E,Pressure,101595.0
1646413197,E,Gas,2658.297119140625
1646413197,E,Accelerometer,0.0
1646413197,E,Light,3856.0
1646413197,E,MIC,3.0
1646413197,E,RSSI,61.0
1646413198,F,Temperature,21.774999618530273
1646413198,F,Humidity,33.25899887084961
1646413198,F,Pressure,101640.0
1646413198,F,Gas,822.7930297851562
1646413198,F,Accelerometer,0.0
1646413198,F,Light,256.0
1646413198,F,MIC,3.0
1646413198,F,RSSI,72.0
1646413199,C,Temperature,22.834999084472656
1646413199,C,Humidity,33.101001739501946
1646413199,C,Pressure,101609.0
1646413199,C,Gas,1061.6529541015623
1646413199,C,Accelerometer,0.0
1646413199,C,Light,1289.0
1646413199,C,MIC,3.0
1646413199,C,RSSI,76.0
1646413201,G,Temperature,23.03499984741211
1646413201,G,Humidity,33.007999420166016
1646413201,G,Pressure,101618.0
1646413201,G,Gas,1619.47802734375
1646413201,G,Accelerometer,0.0
1646413201,G,Light,1464.0
1646413201,G,MIC,3.0
1646413201,G,RSSI,71.0
1646413203,A,Temperature,22.795000076293945
1646413203,A,Humidity,33.286998748779304
1646413203,A,Pressure,101591.0
1646413203,A,Gas,1223.22802734375
1646413203,A,Accelerometer,0.0
1646413203,A,Light,2179.0
1646413203,A,MIC,3.0
1646413203,A,RSSI,83.0
1646413206,B,Temperature,23.05500030517578
1646413206,B,Humidity,31.886999130249023
1646413206,B,Pressure,101550.0
1646413206,B,Gas,4482.115234375
1646413206,B,Accelerometer,0.0
1646413206,B,Light,648.0
1646413206,B,MIC,3.0
1646413206,B,RSSI,94.0
1646413206,H,Temperature,23.934999465942386
1646413206,H,Humidity,28.420000076293945
1646413206,H,Pressure,101602.0
1646413206,H,Gas,4283.2431640625
1646413206,H,Accelerometer,0.0
1646413206,H,Light,3599.0
1646413206,H,MIC,3.0
1646413206,H,RSSI,86.0
1646413206,D,Temperature,21.95499992370605
1646413206,D,Humidity,33.40599822998047
1646413206,D,Pressure,101621.0
1646413206,D,Gas,2482.73388671875
1646413206,D,Accelerometer,0.0
1646413206,D,Light,403.0
1646413206,D,MIC,3.0
1646413206,D,RSSI,54.0
1646413207,E,Temperature,22.104999542236328
1646413207,E,Humidity,32.847999572753906
1646413207,E,Pressure,101597.0
1646413207,E,Gas,2652.428955078125
1646413207,E,Accelerometer,0.0
1646413207,E,Light,3852.0
1646413207,E,MIC,3.0
1646413207,E,RSSI,61.0
1646413208,F,Temperature,21.774999618530273
1646413208,F,Humidity,33.27700042724609
1646413208,F,Pressure,101640.0
1646413208,F,Gas,830.1439819335938
1646413208,F,Accelerometer,0.0
1646413208,F,Light,254.0
1646413208,F,MIC,3.0
1646413208,F,RSSI,72.0
1646413209,C,Temperature,22.82500076293945
1646413209,C,Humidity,33.141998291015625
1646413209,C,Pressure,101609.0
1646413209,C,Gas,1053.6600341796877
1646413209,C,Accelerometer,0.0
1646413209,C,Light,1278.0
1646413209,C,MIC,3.0
1646413209,C,RSSI,76.0
1646413210,G,Temperature,23.045000076293945
1646413210,G,Humidity,32.98099899291992
1646413210,G,Pressure,101618.0
1646413210,G,Gas,1600.126953125
1646413210,G,Accelerometer,0.0
1646413210,G,Light,1469.0
1646413210,G,MIC,3.0
1646413210,G,RSSI,71.0
1646413213,A,Temperature,22.78499984741211
1646413213,A,Humidity,33.30899810791016
1646413213,A,Pressure,101591.0
1646413213,A,Gas,1225.9510498046875
1646413213,A,Accelerometer,0.0
1646413213,A,Light,2186.0
1646413213,A,MIC,3.0
1646413213,A,RSSI,83.0
1646413214,B,Temperature,23.065000534057607
1646413214,B,Humidity,31.875999450683594
1646413214,B,Pressure,101550.0
1646413214,B,Gas,4478.8828125
1646413214,B,Accelerometer,0.0
1646413214,B,Light,648.0
1646413214,B,MIC,3.0
1646413214,B,RSSI,94.0
1646413215,H,Temperature,23.92499923706055
1646413215,H,Humidity,28.37299919128418
1646413215,H,Pressure,101602.0
1646413215,H,Gas,4266.458984375
1646413215,H,Accelerometer,0.0
1646413215,H,Light,3598.0
1646413215,H,MIC,3.0
1646413215,H,RSSI,86.0
1646413216,D,Temperature,21.95499992370605
1646413216,D,Humidity,33.395999908447266
1646413216,D,Pressure,101617.0
1646413216,D,Gas,2471.818115234375
1646413216,D,Accelerometer,0.0
1646413216,D,Light,406.0
1646413216,D,MIC,3.0
1646413216,D,RSSI,54.0
1646413217,E,Temperature,22.104999542236328
1646413217,E,Humidity,32.832000732421875
1646413217,E,Pressure,101595.0
1646413217,E,Gas,2640.068115234375
1646413217,E,Accelerometer,0.0
1646413217,E,Light,3859.0
1646413217,E,MIC,3.0
1646413217,E,RSSI,74.0
1646413218,C,Temperature,22.82500076293945
1646413218,C,Humidity,33.136001586914055
1646413218,C,Pressure,101611.0
1646413218,C,Gas,1039.8160400390623
1646413218,C,Accelerometer,0.0
1646413218,C,Light,1281.0
1646413218,C,MIC,3.0
1646413218,C,RSSI,76.0
1646413218,F,Temperature,21.78499984741211
1646413218,F,Humidity,33.24599838256836
1646413218,F,Pressure,101638.0
1646413218,F,Gas,828.0399780273438
1646413218,F,Accelerometer,0.0
1646413218,F,Light,251.0
1646413218,F,MIC,3.0
1646413218,F,RSSI,72.0
1646413221,G,Temperature,23.045000076293945
1646413221,G,Humidity,32.97999954223633
1646413221,G,Pressure,101616.0
1646413221,G,Gas,1590.9599609375
1646413221,G,Accelerometer,0.0
1646413221,G,Light,1466.0
1646413221,G,MIC,3.0
1646413221,G,RSSI,71.0
1646413223,B,Temperature,23.065000534057607
1646413223,B,Humidity,31.84900093078613
1646413223,B,Pressure,101549.0
1646413223,B,Gas,4467.65576171875
1646413223,B,Accelerometer,0.0
1646413223,B,Light,646.0
1646413223,B,MIC,3.0
1646413223,B,RSSI,88.0
1646413224,A,Temperature,22.795000076293945
1646413224,A,Humidity,33.291000366210945
1646413224,A,Pressure,101589.0
1646413224,A,Gas,1218.7769775390625
1646413224,A,Accelerometer,0.0
1646413224,A,Light,2184.0
1646413224,A,MIC,3.0
1646413224,A,RSSI,83.0
1646413224,H,Temperature,23.915000915527344
1646413224,H,Humidity,28.408000946044922
1646413224,H,Pressure,101604.0
1646413224,H,Gas,4256.59521484375
1646413224,H,Accelerometer,0.0
1646413224,H,Light,3598.0
1646413224,H,MIC,3.0
1646413224,H,RSSI,86.0
1646413226,D,Temperature,21.95499992370605
1646413226,D,Humidity,33.37200164794922
1646413226,D,Pressure,101619.0
1646413226,D,Gas,2459.966064453125
1646413226,D,Accelerometer,0.0
1646413226,D,Light,410.0
1646413226,D,MIC,3.0
1646413226,D,RSSI,54.0
1646413227,E,Temperature,22.104999542236328
1646413227,E,Humidity,32.82199859619141
1646413227,E,Pressure,101595.0
1646413227,E,Gas,2620.001953125
1646413227,E,Accelerometer,0.0
1646413227,E,Light,3869.0
1646413227,E,MIC,3.0
1646413227,E,RSSI,74.0
1646413228,C,Temperature,22.815000534057607
1646413228,C,Humidity,33.1510009765625
1646413228,C,Pressure,101611.0
1646413228,C,Gas,1046.7080078125
1646413228,C,Accelerometer,0.0
1646413228,C,Light,1279.0
1646413228,C,MIC,3.0
1646413228,C,RSSI,76.0
1646413228,F,Temperature,21.78499984741211
1646413228,F,Humidity,33.24300003051758
1646413228,F,Pressure,101638.0
1646413228,F,Gas,827.0770263671875
1646413228,F,Accelerometer,0.0
1646413228,F,Light,251.0
1646413228,F,MIC,3.0
1646413228,F,RSSI,72.0
1646413230,G,Temperature,23.045000076293945
1646413230,G,Humidity,32.92200088500977
1646413230,G,Pressure,101618.0
1646413230,G,Gas,1562.7950439453125
1646413230,G,Accelerometer,0.0
1646413230,G,Light,1457.0
1646413230,G,MIC,3.0
1646413230,G,RSSI,71.0
1646413232,A,Temperature,22.80500030517578
1646413232,A,Humidity,33.275001525878906
1646413232,A,Pressure,101593.0
1646413232,A,Gas,1215.9820556640625
1646413232,A,Accelerometer,0.0
1646413232,A,Light,2181.0
1646413232,A,MIC,3.0
1646413232,A,RSSI,83.0
1646413233,B,Temperature,23.05500030517578
1646413233,B,Humidity,31.854999542236328
1646413233,B,Pressure,101550.0
1646413233,B,Gas,4455.3740234375
1646413233,B,Accelerometer,0.0
1646413233,B,Light,647.0
1646413233,B,MIC,3.0
1646413233,B,RSSI,88.0
1646413235,H,Temperature,23.895000457763672
1646413235,H,Humidity,28.37899971008301
1646413235,H,Pressure,101604.0
1646413235,H,Gas,4238.60498046875
1646413235,H,Accelerometer,0.0
1646413235,H,Light,3601.0
1646413235,H,MIC,3.0
1646413235,H,RSSI,86.0
1646413236,D,Temperature,21.95499992370605
1646413236,D,Humidity,33.36199951171875
1646413236,D,Pressure,101621.0
1646413236,D,Gas,2450.10205078125
1646413236,D,Accelerometer,0.0
1646413236,D,Light,423.0
1646413236,D,MIC,3.0
1646413236,D,RSSI,54.0
1646413237,E,Temperature,22.09499931335449
1646413237,E,Humidity,32.84199905395508
1646413237,E,Pressure,101597.0
1646413237,E,Gas,2613.9189453125
1646413237,E,Accelerometer,0.0
1646413237,E,Light,3873.0
1646413237,E,MIC,3.0
1646413237,E,RSSI,74.0
1646413238,F,Temperature,21.774999618530273
1646413238,F,Humidity,33.24100112915039
1646413238,F,Pressure,101640.0
1646413238,F,Gas,821.5250244140625
1646413238,F,Accelerometer,0.0
1646413238,F,Light,253.0
1646413238,F,MIC,3.0
1646413238,F,RSSI,75.0
1646413239,C,Temperature,22.815000534057607
1646413239,C,Humidity,33.130001068115234
1646413239,C,Pressure,101607.0
1646413239,C,Gas,1055.574951171875
1646413239,C,Accelerometer,0.0
1646413239,C,Light,1274.0
1646413239,C,MIC,3.0
1646413239,C,RSSI,82.0
1646413240,G,Temperature,23.03499984741211
1646413240,G,Humidity,32.93099975585937
1646413240,G,Pressure,101618.0
1646413240,G,Gas,1547.41796875
1646413240,G,Accelerometer,0.0
1646413240,G,Light,1458.0
1646413240,G,MIC,3.0
1646413240,G,RSSI,71.0
1646413242,A,Temperature,22.80500030517578
1646413242,A,Humidity,33.270999908447266
1646413242,A,Pressure,101593.0
1646413242,A,Gas,1207.9449462890625
1646413242,A,Accelerometer,0.0
1646413242,A,Light,2182.0
1646413242,A,MIC,3.0
1646413242,A,RSSI,83.0
1646413243,B,Temperature,23.05500030517578
1646413243,B,Humidity,31.867000579833984
1646413243,B,Pressure,101552.0
1646413243,B,Gas,4441.740234375
1646413243,B,Accelerometer,0.0
1646413243,B,Light,647.0
1646413243,B,MIC,3.0
1646413243,B,RSSI,88.0
1646413244,H,Temperature,23.915000915527344
1646413244,H,Humidity,28.31800079345703
1646413244,H,Pressure,101604.0
1646413244,H,Gas,4214.10498046875
1646413244,H,Accelerometer,0.0
1646413244,H,Light,3601.0
1646413244,H,MIC,3.0
1646413244,H,RSSI,89.0
1646413246,D,Temperature,21.95499992370605
1646413246,D,Humidity,33.35499954223633
1646413246,D,Pressure,101621.0
1646413246,D,Gas,2434.97412109375
1646413246,D,Accelerometer,0.0
1646413246,D,Light,436.0
1646413246,D,MIC,3.0
1646413246,D,RSSI,54.0
1646413247,E,Temperature,22.104999542236328
1646413247,E,Humidity,32.86100006103516
1646413247,E,Pressure,101597.0
1646413247,E,Gas,2617.52197265625
1646413247,E,Accelerometer,0.0
1646413247,E,Light,3883.0
1646413247,E,MIC,3.0
1646413247,E,RSSI,74.0
1646413248,C,Temperature,22.815000534057607
1646413248,C,Humidity,33.137001037597656
1646413248,C,Pressure,101611.0
1646413248,C,Gas,1056.7159423828123
1646413248,C,Accelerometer,0.0
1646413248,C,Light,1279.0
1646413248,C,MIC,3.0
1646413248,C,RSSI,82.0
1646413249,F,Temperature,21.774999618530273
1646413249,F,Humidity,33.23600006103516
1646413249,F,Pressure,101640.0
1646413249,F,Gas,812.635009765625
1646413249,F,Accelerometer,0.0
1646413249,F,Light,258.0
1646413249,F,MIC,3.0
1646413249,F,RSSI,75.0
1646413251,G,Temperature,23.045000076293945
1646413251,G,Humidity,32.937000274658196
1646413251,G,Pressure,101618.0
1646413251,G,Gas,1531.0050048828125
1646413251,G,Accelerometer,0.0
1646413251,G,Light,1469.0
1646413251,G,MIC,3.0
1646413251,G,RSSI,71.0
1646413253,A,Temperature,22.80500030517578
1646413253,A,Humidity,33.273998260498054
1646413253,A,Pressure,101593.0
1646413253,A,Gas,1196.5469970703125
1646413253,A,Accelerometer,0.0
1646413253,A,Light,2193.0
1646413253,A,MIC,3.0
1646413253,A,RSSI,79.0
1646413253,B,Temperature,23.05500030517578
1646413253,B,Humidity,31.87100028991699
1646413253,B,Pressure,101547.0
1646413253,B,Gas,4431.94189453125
1646413253,B,Accelerometer,0.0
1646413253,B,Light,649.0
1646413253,B,MIC,3.0
1646413253,B,RSSI,88.0
1646413255,H,Temperature,23.915000915527344
1646413255,H,Humidity,28.333999633789066
1646413255,H,Pressure,101604.0
1646413255,H,Gas,4187.2470703125
1646413255,H,Accelerometer,0.0
1646413255,H,Light,3608.0
1646413255,H,MIC,3.0
1646413255,H,RSSI,89.0
1646413257,D,Temperature,21.95499992370605
1646413257,D,Humidity,33.3489990234375
1646413257,D,Pressure,101621.0
1646413257,D,Gas,2417.636962890625
1646413257,D,Accelerometer,0.0
1646413257,D,Light,434.0
1646413257,D,MIC,3.0
1646413257,D,RSSI,57.0
1646413257,E,Temperature,22.104999542236328
1646413257,E,Humidity,32.845001220703125
1646413257,E,Pressure,101595.0
1646413257,E,Gas,2605.693115234375
1646413257,E,Accelerometer,0.0
1646413257,E,Light,3888.0
1646413257,E,MIC,3.0
1646413257,E,RSSI,77.0
1646413258,C,Temperature,22.82500076293945
1646413258,C,Humidity,33.160999298095696
1646413258,C,Pressure,101609.0
1646413258,C,Gas,1041.02294921875
1646413258,C,Accelerometer,0.0
1646413258,C,Light,1270.0
1646413258,C,MIC,3.0
1646413258,C,RSSI,82.0
1646413259,F,Temperature,21.78499984741211
1646413259,F,Humidity,33.215999603271484
1646413259,F,Pressure,101640.0
1646413259,F,Gas,804.3870239257812
1646413259,F,Accelerometer,0.0
1646413259,F,Light,255.0
1646413259,F,MIC,3.0
1646413259,F,RSSI,75.0
1646413261,G,Temperature,23.03499984741211
1646413261,G,Humidity,32.89099884033203
1646413261,G,Pressure,101620.0
1646413261,G,Gas,1521.41796875
1646413261,G,Accelerometer,0.0
1646413261,G,Light,1463.0
1646413261,G,MIC,3.0
1646413261,G,RSSI,71.0
1646413263,A,Temperature,22.80500030517578
1646413263,A,Humidity,33.270999908447266
1646413263,A,Pressure,101595.0
1646413263,A,Gas,1194.0999755859375
1646413263,A,Accelerometer,0.0
1646413263,A,Light,2198.0
1646413263,A,MIC,3.0
1646413263,A,RSSI,79.0
1646413263,B,Temperature,23.05500030517578
1646413263,B,Humidity,31.847999572753906
1646413263,B,Pressure,101547.0
1646413263,B,Gas,4418.375
1646413263,B,Accelerometer,0.0
1646413263,B,Light,649.0
1646413263,B,MIC,3.0
1646413263,B,RSSI,88.0
1646413265,H,Temperature,23.90500068664551
1646413265,H,Humidity,28.357999801635746
1646413265,H,Pressure,101606.0
1646413265,H,Gas,4176.26416015625
1646413265,H,Accelerometer,0.0
1646413265,H,Light,3606.0
1646413265,H,MIC,3.0
1646413265,H,RSSI,89.0
1646413267,D,Temperature,21.95499992370605
1646413267,D,Humidity,33.34999847412109
1646413267,D,Pressure,101621.0
1646413267,D,Gas,2431.8349609375
1646413267,D,Accelerometer,0.0
1646413267,D,Light,431.0
1646413267,D,MIC,3.0
1646413267,D,RSSI,57.0
1646413267,E,Temperature,22.09499931335449
1646413267,E,Humidity,32.839000701904304
1646413267,E,Pressure,101597.0
1646413267,E,Gas,2604.30908203125
1646413267,E,Accelerometer,0.0
1646413267,E,Light,3894.0
1646413267,E,MIC,3.0
1646413267,E,RSSI,77.0
1646413268,F,Temperature,21.774999618530273
1646413268,F,Humidity,33.222000122070305
1646413268,F,Pressure,101636.0
1646413268,F,Gas,812.031982421875
1646413268,F,Accelerometer,0.0
1646413268,F,Light,253.0
1646413268,F,MIC,3.0
1646413268,F,RSSI,75.0
1646413269,C,Temperature,22.84499931335449
1646413269,C,Humidity,33.12799835205078
1646413269,C,Pressure,101611.0
1646413269,C,Gas,1049.093017578125
1646413269,C,Accelerometer,0.0
1646413269,C,Light,1276.0
1646413269,C,MIC,3.0
1646413269,C,RSSI,82.0
1646413271,G,Temperature,23.045000076293945
1646413271,G,Humidity,32.84000015258789
1646413271,G,Pressure,101618.0
1646413271,G,Gas,1488.8360595703125
1646413271,G,Accelerometer,0.0
1646413271,G,Light,1469.0
1646413271,G,MIC,3.0
1646413271,G,RSSI,71.0
1646413273,A,Temperature,22.80500030517578
1646413273,A,Humidity,33.27000045776367
1646413273,A,Pressure,101595.0
1646413273,A,Gas,1188.54296875
1646413273,A,Accelerometer,0.0
1646413273,A,Light,2200.0
1646413273,A,MIC,3.0
1646413273,A,RSSI,79.0
1646413273,B,Temperature,23.045000076293945
1646413273,B,Humidity,31.86000061035156
1646413273,B,Pressure,101549.0
1646413273,B,Gas,4407.92919921875
1646413273,B,Accelerometer,0.0
1646413273,B,Light,649.0
1646413273,B,MIC,3.0
1646413273,B,RSSI,88.0
1646413275,H,Temperature,23.88500022888184
1646413275,H,Humidity,28.40099906921387
1646413275,H,Pressure,101604.0
1646413275,H,Gas,4181.72216796875
1646413275,H,Accelerometer,0.0
1646413275,H,Light,3612.0
1646413275,H,MIC,3.0
1646413275,H,RSSI,89.0
1646413276,D,Temperature,21.94499969482422
1646413276,D,Humidity,33.33599853515625
1646413276,D,Pressure,101623.0
1646413276,D,Gas,2414.044921875
1646413276,D,Accelerometer,0.0
1646413276,D,Light,434.0
1646413276,D,MIC,3.0
1646413276,D,RSSI,57.0
1646413277,E,Temperature,22.09499931335449
1646413277,E,Humidity,32.85300064086914
1646413277,E,Pressure,101597.0
1646413277,E,Gas,2594.52294921875
1646413277,E,Accelerometer,0.0
1646413277,E,Light,3889.0
1646413277,E,MIC,3.0
1646413277,E,RSSI,77.0
1646413278,C,Temperature,22.84499931335449
1646413278,C,Humidity,33.11800003051758
1646413278,C,Pressure,101609.0
1646413278,C,Gas,1046.6689453125
1646413278,C,Accelerometer,0.0
1646413278,C,Light,1269.0
1646413278,C,MIC,3.0
1646413278,C,RSSI,76.0
1646413279,F,Temperature,21.774999618530273
1646413279,F,Humidity,33.23199844360352
1646413279,F,Pressure,101640.0
1646413279,F,Gas,798.7849731445312
1646413279,F,Accelerometer,0.0
1646413279,F,Light,254.0
1646413279,F,MIC,3.0
1646413279,F,RSSI,75.0
1646413281,G,Temperature,23.03499984741211
1646413281,G,Humidity,32.87900161743164
1646413281,G,Pressure,101618.0
1646413281,G,Gas,1492.68896484375
1646413281,G,Accelerometer,0.0
1646413281,G,Light,1461.0
1646413281,G,MIC,3.0
1646413281,G,RSSI,71.0
1646413283,A,Temperature,22.795000076293945
1646413283,A,Humidity,33.28499984741211
1646413283,A,Pressure,101591.0
1646413283,A,Gas,1189.699951171875
1646413283,A,Accelerometer,0.0
1646413283,A,Light,2191.0
1646413283,A,MIC,3.0
1646413283,A,RSSI,79.0
1646413286,D,Temperature,21.94499969482422
1646413286,D,Humidity,33.31399917602539
1646413286,D,Pressure,101621.0
1646413286,D,Gas,2400.06689453125
1646413286,D,Accelerometer,0.0
1646413286,D,Light,439.0
1646413286,D,MIC,3.0
1646413286,D,RSSI,57.0
1646413287,E,Temperature,22.084999084472656
1646413287,E,Humidity,32.845001220703125
1646413287,E,Pressure,101595.0
1646413287,E,Gas,2582.969970703125
1646413287,E,Accelerometer,0.0
1646413287,E,Light,3897.0
1646413287,E,MIC,3.0
1646413287,E,RSSI,77.0
1646413288,B,Temperature,23.045000076293945
1646413288,B,Humidity,31.854999542236328
1646413288,B,Pressure,101549.0
1646413288,B,Gas,4393.51513671875
1646413288,B,Accelerometer,0.0
1646413288,B,Light,649.0
1646413288,B,MIC,3.0
1646413288,B,RSSI,89.0
1646413288,H,Temperature,23.895000457763672
1646413288,H,Humidity,28.354999542236328
1646413288,H,Pressure,101606.0
1646413288,H,Gas,4175.93798828125
1646413288,H,Accelerometer,0.0
1646413288,H,Light,3609.0
1646413288,H,MIC,3.0
1646413288,H,RSSI,89.0
1646413288,C,Temperature,22.84499931335449
1646413288,C,Humidity,33.08100128173828
1646413288,C,Pressure,101609.0
1646413288,C,Gas,1037.6290283203123
1646413288,C,Accelerometer,0.0
1646413288,C,Light,1271.0
1646413288,C,MIC,3.0
1646413288,C,RSSI,76.0
1646413288,F,Temperature,21.774999618530273
1646413288,F,Humidity,33.238998413085945
1646413288,F,Pressure,101642.0
1646413288,F,Gas,792.906982421875
1646413288,F,Accelerometer,0.0
1646413288,F,Light,255.0
1646413288,F,MIC,3.0
1646413288,F,RSSI,72.0
1646413291,G,Temperature,23.045000076293945
1646413291,G,Humidity,32.826000213623054
1646413291,G,Pressure,101618.0
1646413291,G,Gas,1474.0069580078125
1646413291,G,Accelerometer,0.0
1646413291,G,Light,1469.0
1646413291,G,MIC,3.0
1646413291,G,RSSI,71.0
1646413292,B,Temperature,23.045000076293945
1646413292,B,Humidity,31.858999252319336
1646413292,B,Pressure,101550.0
1646413292,B,Gas,4379.044921875
1646413292,B,Accelerometer,0.0
1646413292,B,Light,650.0
1646413292,B,MIC,3.0
1646413292,B,RSSI,89.0
1646413293,A,Temperature,22.80500030517578
1646413293,A,Humidity,33.28300094604492
1646413293,A,Pressure,101595.0
1646413293,A,Gas,1189.344970703125
1646413293,A,Accelerometer,0.0
1646413293,A,Light,2185.0
1646413293,A,MIC,3.0
1646413293,A,RSSI,79.0
1646413295,H,Temperature,23.895000457763672
1646413295,H,Humidity,28.34499931335449
1646413295,H,Pressure,101606.0
1646413295,H,Gas,4162.35400390625
1646413295,H,Accelerometer,0.0
1646413295,H,Light,3608.0
1646413295,H,MIC,3.0
1646413295,H,RSSI,79.0
1646413297,D,Temperature,21.95499992370605
1646413297,D,Humidity,33.298999786376946
1646413297,D,Pressure,101623.0
1646413297,D,Gas,2384.595947265625
1646413297,D,Accelerometer,0.0
1646413297,D,Light,445.0
1646413297,D,MIC,3.0
1646413297,D,RSSI,57.0
1646413297,E,Temperature,22.084999084472656
1646413297,E,Humidity,32.817001342773445
1646413297,E,Pressure,101599.0
1646413297,E,Gas,2572.287109375
1646413297,E,Accelerometer,0.0
1646413297,E,Light,3905.0
1646413297,E,MIC,3.0
1646413297,E,RSSI,77.0
1646413299,F,Temperature,21.774999618530273
1646413299,F,Humidity,33.226001739501946
1646413299,F,Pressure,101642.0
1646413299,F,Gas,798.6519775390625
1646413299,F,Accelerometer,0.0
1646413299,F,Light,257.0
1646413299,F,MIC,3.0
1646413299,F,RSSI,72.0
1646413299,C,Temperature,22.84499931335449
1646413299,C,Humidity,33.082000732421875
1646413299,C,Pressure,101611.0
1646413299,C,Gas,1045.8380126953123
1646413299,C,Accelerometer,0.0
1646413299,C,Light,1273.0
1646413299,C,MIC,3.0
1646413299,C,RSSI,76.0
1646413301,G,Temperature,23.045000076293945
1646413301,G,Humidity,32.80599975585937
1646413301,G,Pressure,101620.0
1646413301,G,Gas,1474.27197265625
1646413301,G,Accelerometer,0.0
1646413301,G,Light,1460.0
1646413301,G,MIC,3.0
1646413301,G,RSSI,71.0
1646413303,A,Temperature,22.80500030517578
1646413303,A,Humidity,33.29800033569336
1646413303,A,Pressure,101597.0
1646413303,A,Gas,1192.1739501953125
1646413303,A,Accelerometer,0.0
1646413303,A,Light,2194.0
1646413303,A,MIC,3.0
1646413303,A,RSSI,83.0
1646413305,H,Temperature,23.90500068664551
1646413305,H,Humidity,28.356000900268555
1646413305,H,Pressure,101606.0
1646413305,H,Gas,4155.43994140625
1646413305,H,Accelerometer,0.0
1646413305,H,Light,3606.0
1646413305,H,MIC,3.0
1646413305,H,RSSI,79.0
1646413306,B,Temperature,23.045000076293945
1646413306,B,Humidity,31.834999084472656
1646413306,B,Pressure,101549.0
1646413306,B,Gas,4374.87109375
1646413306,B,Accelerometer,0.0
1646413306,B,Light,647.0
1646413306,B,MIC,3.0
1646413306,B,RSSI,89.0
1646413307,D,Temperature,21.94499969482422
1646413307,D,Humidity,33.30699920654297
1646413307,D,Pressure,101625.0
1646413307,D,Gas,2363.7490234375
1646413307,D,Accelerometer,0.0
1646413307,D,Light,472.0
1646413307,D,MIC,3.0
1646413307,D,RSSI,53.0
1646413307,E,Temperature,22.084999084472656
1646413307,E,Humidity,32.82400131225586
1646413307,E,Pressure,101599.0
1646413307,E,Gas,2556.294921875
1646413307,E,Accelerometer,0.0
1646413307,E,Light,3924.0
1646413307,E,MIC,3.0
1646413307,E,RSSI,77.0
1646413309,C,Temperature,22.84499931335449
1646413309,C,Humidity,33.05099868774414
1646413309,C,Pressure,101611.0
1646413309,C,Gas,1045.01904296875
1646413309,C,Accelerometer,0.0
1646413309,C,Light,1276.0
1646413309,C,MIC,3.0
1646413309,C,RSSI,76.0
1646413309,F,Temperature,21.774999618530273
1646413309,F,Humidity,33.19699859619141
1646413309,F,Pressure,101643.0
1646413309,F,Gas,799.4990234375
1646413309,F,Accelerometer,0.0
1646413309,F,Light,271.0
1646413309,F,MIC,3.0
1646413309,F,RSSI,72.0
1646413311,G,Temperature,23.05500030517578
1646413311,G,Humidity,32.766998291015625
1646413311,G,Pressure,101624.0
1646413311,G,Gas,1454.2669677734375
1646413311,G,Accelerometer,0.0
1646413311,G,Light,1462.0
1646413311,G,MIC,3.0
1646413311,G,RSSI,71.0
1646413313,A,Temperature,22.80500030517578
1646413313,A,Humidity,33.279998779296875
1646413313,A,Pressure,101597.0
1646413313,A,Gas,1192.85498046875
1646413313,A,Accelerometer,0.0
1646413313,A,Light,2199.0
1646413313,A,MIC,3.0
1646413313,A,RSSI,83.0
1646413314,B,Temperature,23.045000076293945
1646413314,B,Humidity,31.815000534057607
1646413314,B,Pressure,101549.0
1646413314,B,Gas,4365.12890625
1646413314,B,Accelerometer,0.0
1646413314,B,Light,650.0
1646413314,B,MIC,3.0
1646413314,B,RSSI,89.0
1646413315,H,Temperature,23.895000457763672
1646413315,H,Humidity,28.336000442504893
1646413315,H,Pressure,101608.0
1646413315,H,Gas,4144.7900390625
1646413315,H,Accelerometer,0.0
1646413315,H,Light,3607.0
1646413315,H,MIC,3.0
1646413315,H,RSSI,79.0
1646413316,D,Temperature,21.95499992370605
1646413316,D,Humidity,33.262001037597656
1646413316,D,Pressure,101623.0
1646413316,D,Gas,2365.10009765625
1646413316,D,Accelerometer,0.0
1646413316,D,Light,482.0
1646413316,D,MIC,3.0
1646413316,D,RSSI,53.0
1646413317,E,Temperature,22.084999084472656
1646413317,E,Humidity,32.838001251220696
1646413317,E,Pressure,101599.0
1646413317,E,Gas,2552.087890625
1646413317,E,Accelerometer,0.0
1646413317,E,Light,3926.0
1646413317,E,MIC,3.0
1646413317,E,RSSI,62.0
1646413318,C,Temperature,22.834999084472656
1646413318,C,Humidity,33.062000274658196
1646413318,C,Pressure,101613.0
1646413318,C,Gas,1052.1209716796877
1646413318,C,Accelerometer,0.0
1646413318,C,Light,1279.0
1646413318,C,MIC,3.0
1646413318,C,RSSI,76.0
1646413319,F,Temperature,21.78499984741211
1646413319,F,Humidity,33.17699813842773
1646413319,F,Pressure,101643.0
1646413319,F,Gas,779.8259887695312
1646413319,F,Accelerometer,0.0
1646413319,F,Light,275.0
1646413319,F,MIC,3.0
1646413319,F,RSSI,72.0
1646413321,G,Temperature,23.05500030517578
1646413321,G,Humidity,32.77899932861328
1646413321,G,Pressure,101624.0
1646413321,G,Gas,1450.2099609375
1646413321,G,Accelerometer,0.0
1646413321,G,Light,1468.0
1646413321,G,MIC,3.0
1646413321,G,RSSI,71.0
1646413323,A,Temperature,22.80500030517578
1646413323,A,Humidity,33.28499984741211
1646413323,A,Pressure,101599.0
1646413323,A,Gas,1190.56298828125
1646413323,A,Accelerometer,0.0
1646413323,A,Light,2192.0
1646413323,A,MIC,3.0
1646413323,A,RSSI,83.0
1646413324,B,Temperature,23.045000076293945
1646413324,B,Humidity,31.82200050354004
1646413324,B,Pressure,101554.0
1646413324,B,Gas,4361.14306640625
1646413324,B,Accelerometer,0.0
1646413324,B,Light,649.0
1646413324,B,MIC,3.0
1646413324,B,RSSI,89.0
1646413325,H,Temperature,23.90500068664551
1646413325,H,Humidity,28.34600067138672
1646413325,H,Pressure,101608.0
1646413325,H,Gas,4141.203125
1646413325,H,Accelerometer,0.0
1646413325,H,Light,3605.0
1646413325,H,MIC,3.0
1646413325,H,RSSI,79.0
1646413327,D,Temperature,21.96500015258789
1646413327,D,Humidity,33.25600051879883
1646413327,D,Pressure,101623.0
1646413327,D,Gas,2359.27587890625
1646413327,D,Accelerometer,0.0
1646413327,D,Light,464.0
1646413327,D,MIC,3.0
1646413327,D,RSSI,53.0
1646413327,E,Temperature,22.09499931335449
1646413327,E,Humidity,32.84199905395508
1646413327,E,Pressure,101601.0
1646413327,E,Gas,2556.8701171875
1646413327,E,Accelerometer,0.0
1646413327,E,Light,3930.0
1646413327,E,MIC,3.0
1646413327,E,RSSI,62.0
1646413329,C,Temperature,22.84499931335449
1646413329,C,Humidity,33.040000915527344
1646413329,C,Pressure,101613.0
1646413329,C,Gas,1052.863037109375
1646413329,C,Accelerometer,0.0
1646413329,C,Light,1277.0
1646413329,C,MIC,3.0
1646413329,C,RSSI,66.0
1646413329,F,Temperature,21.774999618530273
1646413329,F,Humidity,33.191001892089844
1646413329,F,Pressure,101643.0
1646413329,F,Gas,771.2020263671875
1646413329,F,Accelerometer,0.0
1646413329,F,Light,268.0
1646413329,F,MIC,3.0
1646413329,F,RSSI,72.0
1646413331,G,Temperature,23.05500030517578
1646413331,G,Humidity,32.79800033569336
1646413331,G,Pressure,101622.0
1646413331,G,Gas,1465.93603515625
1646413331,G,Accelerometer,0.0
1646413331,G,Light,1470.0
1646413331,G,MIC,3.0
1646413331,G,RSSI,71.0
1646413333,A,Temperature,22.795000076293945
1646413333,A,Humidity,33.292999267578125
1646413333,A,Pressure,101595.0
1646413333,A,Gas,1195.8609619140625
1646413333,A,Accelerometer,0.0
1646413333,A,Light,2193.0
1646413333,A,MIC,3.0
1646413333,A,RSSI,83.0
1646413334,B,Temperature,23.045000076293945
1646413334,B,Humidity,31.80699920654297
1646413334,B,Pressure,101549.0
1646413334,B,Gas,4334.93798828125
1646413334,B,Accelerometer,0.0
1646413334,B,Light,648.0
1646413334,B,MIC,3.0
1646413334,B,RSSI,85.0
1646413335,H,Temperature,23.915000915527344
1646413335,H,Humidity,28.32099914550781
1646413335,H,Pressure,101606.0
1646413335,H,Gas,4144.833984375
1646413335,H,Accelerometer,0.0
1646413335,H,Light,3605.0
1646413335,H,MIC,3.0
1646413335,H,RSSI,79.0
1646413337,D,Temperature,21.95499992370605
1646413337,D,Humidity,33.27899932861328
1646413337,D,Pressure,101623.0
1646413337,D,Gas,2361.7509765625
1646413337,D,Accelerometer,0.0
1646413337,D,Light,462.0
1646413337,D,MIC,3.0
1646413337,D,RSSI,53.0
1646413337,E,Temperature,22.104999542236328
1646413337,E,Humidity,32.84400177001953
1646413337,E,Pressure,101601.0
1646413337,E,Gas,2574.20703125
1646413337,E,Accelerometer,0.0
1646413337,E,Light,3925.0
1646413337,E,MIC,3.0
1646413337,E,RSSI,62.0
1646413340,C,Temperature,22.854999542236328
1646413340,C,Humidity,33.049999237060554
1646413340,C,Pressure,101617.0
1646413340,C,Gas,1057.81201171875
1646413340,C,Accelerometer,0.0
1646413340,C,Light,1273.0
1646413340,C,MIC,3.0
1646413340,C,RSSI,66.0
1646413340,F,Temperature,21.774999618530273
1646413340,F,Humidity,33.18199920654297
1646413340,F,Pressure,101643.0
1646413340,F,Gas,761.8309936523438
1646413340,F,Accelerometer,0.0
1646413340,F,Light,268.0
1646413340,F,MIC,3.0
1646413340,F,RSSI,78.0
1646413341,G,Temperature,23.05500030517578
1646413341,G,Humidity,32.80500030517578
1646413341,G,Pressure,101622.0
1646413341,G,Gas,1470.04296875
1646413341,G,Accelerometer,0.0
1646413341,G,Light,1467.0
1646413341,G,MIC,3.0
1646413341,G,RSSI,71.0
1646413343,A,Temperature,22.80500030517578
1646413343,A,Humidity,33.27199935913086
1646413343,A,Pressure,101597.0
1646413343,A,Gas,1191.3929443359375
1646413343,A,Accelerometer,0.0
1646413343,A,Light,2195.0
1646413343,A,MIC,3.0
1646413343,A,RSSI,83.0
1646413345,H,Temperature,23.90500068664551
1646413345,H,Humidity,28.31399917602539
1646413345,H,Pressure,101606.0
1646413345,H,Gas,4122.078125
1646413345,H,Accelerometer,0.0
1646413345,H,Light,3607.0
1646413345,H,MIC,3.0
1646413345,H,RSSI,93.0
1646413347,D,Temperature,21.94499969482422
1646413347,D,Humidity,33.26900100708008
1646413347,D,Pressure,101621.0
1646413347,D,Gas,2354.881103515625
1646413347,D,Accelerometer,0.0
1646413347,D,Light,448.0
1646413347,D,MIC,3.0
1646413347,D,RSSI,53.0
1646413347,E,Temperature,22.09499931335449
1646413347,E,Humidity,32.82400131225586
1646413347,E,Pressure,101599.0
1646413347,E,Gas,2558.64697265625
1646413347,E,Accelerometer,0.0
1646413347,E,Light,3908.0
1646413347,E,MIC,3.0
1646413347,E,RSSI,62.0
1646413349,C,Temperature,22.854999542236328
1646413349,C,Humidity,33.023998260498054
1646413349,C,Pressure,101617.0
1646413349,C,Gas,1046.5860595703123
1646413349,C,Accelerometer,0.0
1646413349,C,Light,1273.0
1646413349,C,MIC,3.0
1646413349,C,RSSI,66.0
1646413349,F,Temperature,21.774999618530273
1646413349,F,Humidity,33.169998168945305
1646413349,F,Pressure,101640.0
1646413349,F,Gas,750.0230102539062
1646413349,F,Accelerometer,0.0
1646413349,F,Light,258.0
1646413349,F,MIC,3.0
1646413349,F,RSSI,78.0
1646413351,B,Temperature,23.03499984741211
1646413351,B,Humidity,31.819000244140625
1646413351,B,Pressure,101550.0
1646413351,B,Gas,4328.4619140625
1646413351,B,Accelerometer,0.0
1646413351,B,Light,652.0
1646413351,B,MIC,3.0
1646413351,B,RSSI,85.0
1646413351,G,Temperature,23.045000076293945
1646413351,G,Humidity,32.803001403808594
1646413351,G,Pressure,101624.0
1646413351,G,Gas,1480.89794921875
1646413351,G,Accelerometer,0.0
1646413351,G,Light,1472.0
1646413351,G,MIC,3.0
1646413351,G,RSSI,75.0
1646413353,A,Temperature,22.80500030517578
1646413353,A,Humidity,33.268001556396484
1646413353,A,Pressure,101599.0
1646413353,A,Gas,1189.2569580078125
1646413353,A,Accelerometer,0.0
1646413353,A,Light,2183.0
1646413353,A,MIC,3.0
1646413353,A,RSSI,81.0
1646413353,B,Temperature,23.03499984741211
1646413353,B,Humidity,31.81599998474121
1646413353,B,Pressure,101552.0
1646413353,B,Gas,4323.9560546875
1646413353,B,Accelerometer,0.0
1646413353,B,Light,647.0
1646413353,B,MIC,3.0
1646413353,B,RSSI,85.0
1646413355,H,Temperature,23.90500068664551
1646413355,H,Humidity,28.283000946044922
1646413355,H,Pressure,101604.0
1646413355,H,Gas,4130.966796875
1646413355,H,Accelerometer,0.0
1646413355,H,Light,3605.0
1646413355,H,MIC,3.0
1646413355,H,RSSI,93.0
1646413357,D,Temperature,21.95499992370605
1646413357,D,Humidity,33.261001586914055
1646413357,D,Pressure,101625.0
1646413357,D,Gas,2360.012939453125
1646413357,D,Accelerometer,0.0
1646413357,D,Light,422.0
1646413357,D,MIC,3.0
1646413357,D,RSSI,75.0
1646413358,E,Temperature,22.114999771118164
1646413358,E,Humidity,32.785999298095696
1646413358,E,Pressure,101601.0
1646413358,E,Gas,2558.166015625
1646413358,E,Accelerometer,0.0
1646413358,E,Light,3893.0
1646413358,E,MIC,3.0
1646413358,E,RSSI,62.0
1646413359,C,Temperature,22.864999771118164
1646413359,C,Humidity,33.05099868774414
1646413359,C,Pressure,101617.0
1646413359,C,Gas,1044.0450439453123
1646413359,C,Accelerometer,0.0
1646413359,C,Light,1269.0
1646413359,C,MIC,3.0
1646413359,C,RSSI,66.0
1646413359,F,Temperature,21.774999618530273
1646413359,F,Humidity,33.18099975585937
1646413359,F,Pressure,101638.0
1646413359,F,Gas,746.3809814453125
1646413359,F,Accelerometer,0.0
1646413359,F,Light,244.0
1646413359,F,MIC,3.0
1646413359,F,RSSI,78.0
1646413362,G,Temperature,23.05500030517578
1646413362,G,Humidity,32.79600143432617
1646413362,G,Pressure,101624.0
1646413362,G,Gas,1472.511962890625
1646413362,G,Accelerometer,0.0
1646413362,G,Light,1462.0
1646413362,G,MIC,3.0
1646413362,G,RSSI,75.0
1646413363,B,Temperature,23.03499984741211
1646413363,B,Humidity,31.827999114990234
1646413363,B,Pressure,101550.0
1646413363,B,Gas,4324.23291015625
1646413363,B,Accelerometer,0.0
1646413363,B,Light,651.0
1646413363,B,MIC,3.0
1646413363,B,RSSI,85.0
1646413363,A,Temperature,22.80500030517578
1646413363,A,Humidity,33.27199935913086
1646413363,A,Pressure,101595.0
1646413363,A,Gas,1192.511962890625
1646413363,A,Accelerometer,0.0
1646413363,A,Light,2201.0
1646413363,A,MIC,3.0
1646413363,A,RSSI,81.0
1646413365,H,Temperature,23.895000457763672
1646413365,H,Humidity,28.31399917602539
1646413365,H,Pressure,101608.0
1646413365,H,Gas,4128.01708984375
1646413365,H,Accelerometer,0.0
1646413365,H,Light,3605.0
1646413365,H,MIC,3.0
1646413365,H,RSSI,93.0
1646413367,D,Temperature,21.95499992370605
1646413367,D,Humidity,33.251998901367195
1646413367,D,Pressure,101625.0
1646413367,D,Gas,2353.054931640625
1646413367,D,Accelerometer,0.0
1646413367,D,Light,399.0
1646413367,D,MIC,3.0
1646413367,D,RSSI,75.0
1646413368,E,Temperature,22.114999771118164
1646413368,E,Humidity,32.79199981689453
1646413368,E,Pressure,101603.0
1646413368,E,Gas,2558.386962890625
1646413368,E,Accelerometer,0.0
1646413368,E,Light,3875.0
1646413368,E,MIC,3.0
1646413368,E,RSSI,58.0
1646413369,C,Temperature,22.854999542236328
1646413369,C,Humidity,33.067001342773445
1646413369,C,Pressure,101617.0
1646413369,C,Gas,1050.029052734375
1646413369,C,Accelerometer,0.0
1646413369,C,Light,1264.0
1646413369,C,MIC,3.0
1646413369,C,RSSI,66.0
1646413369,F,Temperature,21.76499938964844
1646413369,F,Humidity,33.178001403808594
1646413369,F,Pressure,101642.0
1646413369,F,Gas,741.8250122070312
1646413369,F,Accelerometer,0.0
1646413369,F,Light,224.0
1646413369,F,MIC,3.0
1646413369,F,RSSI,78.0
1646413372,G,Temperature,23.05500030517578
1646413372,G,Humidity,32.82899856567383
1646413372,G,Pressure,101624.0
1646413372,G,Gas,1477.8759765625
1646413372,G,Accelerometer,0.0
1646413372,G,Light,1457.0
1646413372,G,MIC,3.0
1646413372,G,RSSI,75.0
1646413373,A,Temperature,22.80500030517578
1646413373,A,Humidity,33.26599884033203
1646413373,A,Pressure,101599.0
1646413373,A,Gas,1188.73095703125
1646413373,A,Accelerometer,0.0
1646413373,A,Light,2184.0
1646413373,A,MIC,3.0
1646413373,A,RSSI,81.0
1646413374,B,Temperature,23.045000076293945
1646413374,B,Humidity,31.81800079345703
1646413374,B,Pressure,101552.0
1646413374,B,Gas,4330.6259765625
1646413374,B,Accelerometer,1.0
1646413374,B,Light,648.0
1646413374,B,MIC,3.0
1646413374,B,RSSI,84.0
1646413375,H,Temperature,23.875
1646413375,H,Humidity,28.417999267578125
1646413375,H,Pressure,101612.0
1646413375,H,Gas,4148.90185546875
1646413375,H,Accelerometer,0.0
1646413375,H,Light,3604.0
1646413375,H,MIC,3.0
1646413375,H,RSSI,93.0
1646413377,D,Temperature,21.95499992370605
1646413377,D,Humidity,33.235000610351555
1646413377,D,Pressure,101626.0
1646413377,D,Gas,2355.202880859375
1646413377,D,Accelerometer,0.0
1646413377,D,Light,387.0
1646413377,D,MIC,3.0
1646413377,D,RSSI,75.0
1646413378,E,Temperature,22.104999542236328
1646413378,E,Humidity,32.748001098632805
1646413378,E,Pressure,101601.0
1646413378,E,Gas,2547.156005859375
1646413378,E,Accelerometer,0.0
1646413378,E,Light,3867.0
1646413378,E,MIC,3.0
1646413378,E,RSSI,58.0
1646413379,C,Temperature,22.854999542236328
1646413379,C,Humidity,33.08700180053711
1646413379,C,Pressure,101611.0
1646413379,C,Gas,1042.7550048828123
1646413379,C,Accelerometer,0.0
1646413379,C,Light,1261.0
1646413379,C,MIC,3.0
1646413379,C,RSSI,66.0
1646413379,F,Temperature,21.774999618530273
1646413379,F,Humidity,33.15599822998047
1646413379,F,Pressure,101643.0
1646413379,F,Gas,740.3419799804688
1646413379,F,Accelerometer,0.0
1646413379,F,Light,212.0
1646413379,F,MIC,3.0
1646413379,F,RSSI,78.0
1646413381,G,Temperature,23.05500030517578
1646413381,G,Humidity,32.81100082397461
1646413381,G,Pressure,101626.0
1646413381,G,Gas,1489.7550048828125
1646413381,G,Accelerometer,0.0
1646413381,G,Light,1463.0
1646413381,G,MIC,3.0
1646413381,G,RSSI,75.0
1646413383,A,Temperature,22.80500030517578
1646413383,A,Humidity,33.263999938964844
1646413383,A,Pressure,101601.0
1646413383,A,Gas,1169.739013671875
1646413383,A,Accelerometer,0.0
1646413383,A,Light,2192.0
1646413383,A,MIC,3.0
1646413383,A,RSSI,81.0
1646413384,B,Temperature,23.045000076293945
1646413384,B,Humidity,31.81399917602539
1646413384,B,Pressure,101552.0
1646413384,B,Gas,4335.47509765625
1646413384,B,Accelerometer,0.0
1646413384,B,Light,648.0
1646413384,B,MIC,3.0
1646413384,B,RSSI,84.0
1646413385,H,Temperature,23.875
1646413385,H,Humidity,28.420000076293945
1646413385,H,Pressure,101612.0
1646413385,H,Gas,4163.7431640625
1646413385,H,Accelerometer,0.0
1646413385,H,Light,3606.0
1646413385,H,MIC,3.0
1646413385,H,RSSI,93.0
1646413387,D,Temperature,21.95499992370605
1646413387,D,Humidity,33.22499847412109
1646413387,D,Pressure,101626.0
1646413387,D,Gas,2342.243896484375
1646413387,D,Accelerometer,0.0
1646413387,D,Light,384.0
1646413387,D,MIC,3.0
1646413387,D,RSSI,75.0
1646413388,E,Temperature,22.114999771118164
1646413388,E,Humidity,32.715999603271484
1646413388,E,Pressure,101605.0
1646413388,E,Gas,2539.0458984375
1646413388,E,Accelerometer,0.0
1646413388,E,Light,3867.0
1646413388,E,MIC,3.0
1646413388,E,RSSI,58.0
1646413389,F,Temperature,21.774999618530273
1646413389,F,Humidity,33.167999267578125
1646413389,F,Pressure,101643.0
1646413389,F,Gas,738.094970703125
1646413389,F,Accelerometer,0.0
1646413389,F,Light,208.0
1646413389,F,MIC,3.0
1646413389,F,RSSI,79.0
1646413389,C,Temperature,22.854999542236328
1646413389,C,Humidity,33.083999633789055
1646413389,C,Pressure,101617.0
1646413389,C,Gas,1052.8299560546877
1646413389,C,Accelerometer,0.0
1646413389,C,Light,1253.0
1646413389,C,MIC,3.0
1646413389,C,RSSI,76.0
1646413391,G,Temperature,23.045000076293945
1646413391,G,Humidity,32.816001892089844
1646413391,G,Pressure,101626.0
1646413391,G,Gas,1497.9749755859375
1646413391,G,Accelerometer,0.0
1646413391,G,Light,1463.0
1646413391,G,MIC,3.0
1646413391,G,RSSI,75.0
1646413393,B,Temperature,23.05500030517578
1646413393,B,Humidity,31.79999923706055
1646413393,B,Pressure,101554.0
1646413393,B,Gas,4334.60595703125
1646413393,B,Accelerometer,0.0
1646413393,B,Light,646.0
1646413393,B,MIC,3.0
1646413393,B,RSSI,84.0
1646413393,A,Temperature,22.80500030517578
1646413393,A,Humidity,33.28400039672852
1646413393,A,Pressure,101601.0
1646413393,A,Gas,1171.4549560546875
1646413393,A,Accelerometer,0.0
1646413393,A,Light,2182.0
1646413393,A,MIC,3.0
1646413393,A,RSSI,81.0
1646413395,H,Temperature,23.895000457763672
1646413395,H,Humidity,28.3799991607666
1646413395,H,Pressure,101612.0
1646413395,H,Gas,4153.55810546875
1646413395,H,Accelerometer,0.0
1646413395,H,Light,3602.0
1646413395,H,MIC,3.0
1646413395,H,RSSI,88.0
1646413397,D,Temperature,21.95499992370605
1646413397,D,Humidity,33.21799850463867
1646413397,D,Pressure,101626.0
1646413397,D,Gas,2341.330078125
1646413397,D,Accelerometer,0.0
1646413397,D,Light,382.0
1646413397,D,MIC,3.0
1646413397,D,RSSI,75.0
1646413398,E,Temperature,22.104999542236328
1646413398,E,Humidity,32.71799850463867
1646413398,E,Pressure,101601.0
1646413398,E,Gas,2535.868896484375
1646413398,E,Accelerometer,0.0
1646413398,E,Light,3861.0
1646413398,E,MIC,3.0
1646413398,E,RSSI,58.0
1646413399,C,Temperature,22.864999771118164
1646413399,C,Humidity,33.07400131225586
1646413399,C,Pressure,101621.0
1646413399,C,Gas,1046.4420166015623
1646413399,C,Accelerometer,0.0
1646413399,C,Light,1250.0
1646413399,C,MIC,3.0
1646413399,C,RSSI,76.0
1646413399,F,Temperature,21.774999618530273
1646413399,F,Humidity,33.14500045776367
1646413399,F,Pressure,101643.0
1646413399,F,Gas,725.3189697265625
1646413399,F,Accelerometer,0.0
1646413399,F,Light,205.0
1646413399,F,MIC,3.0
1646413399,F,RSSI,79.0
1646413401,G,Temperature,23.045000076293945
1646413401,G,Humidity,32.87200164794922
1646413401,G,Pressure,101624.0
1646413401,G,Gas,1496.237060546875
1646413401,G,Accelerometer,0.0
1646413401,G,Light,1463.0
1646413401,G,MIC,3.0
1646413401,G,RSSI,76.0
1646413403,A,Temperature,22.80500030517578
1646413403,A,Humidity,33.27000045776367
1646413403,A,Pressure,101601.0
1646413403,A,Gas,1161.0260009765625
1646413403,A,Accelerometer,0.0
1646413403,A,Light,2190.0
1646413403,A,MIC,3.0
1646413403,A,RSSI,78.0
1646413404,B,Temperature,23.05500030517578
1646413404,B,Humidity,31.766000747680664
1646413404,B,Pressure,101552.0
1646413404,B,Gas,4340.130859375
1646413404,B,Accelerometer,0.0
1646413404,B,Light,649.0
1646413404,B,MIC,3.0
1646413404,B,RSSI,84.0
1646413405,H,Temperature,23.895000457763672
1646413405,H,Humidity,28.28499984741211
1646413405,H,Pressure,101610.0
1646413405,H,Gas,4138.0751953125
1646413405,H,Accelerometer,0.0
1646413405,H,Light,3603.0
1646413405,H,MIC,3.0
1646413405,H,RSSI,88.0
1646413407,D,Temperature,21.95499992370605
1646413407,D,Humidity,33.21900177001953
1646413407,D,Pressure,101625.0
1646413407,D,Gas,2326.280029296875
1646413407,D,Accelerometer,0.0
1646413407,D,Light,381.0
1646413407,D,MIC,3.0
1646413407,D,RSSI,76.0
1646413408,E,Temperature,22.09499931335449
1646413408,E,Humidity,32.735000610351555
1646413408,E,Pressure,101603.0
1646413408,E,Gas,2521.571044921875
1646413408,E,Accelerometer,0.0
1646413408,E,Light,3866.0
1646413408,E,MIC,3.0
1646413408,E,RSSI,73.0
1646413409,F,Temperature,21.76499938964844
1646413409,F,Humidity,33.167999267578125
1646413409,F,Pressure,101643.0
1646413409,F,Gas,731.9669799804688
1646413409,F,Accelerometer,0.0
1646413409,F,Light,203.0
1646413409,F,MIC,3.0
1646413409,F,RSSI,79.0
1646413409,C,Temperature,22.864999771118164
1646413409,C,Humidity,33.06999969482422
1646413409,C,Pressure,101617.0
1646413409,C,Gas,1053.083984375
1646413409,C,Accelerometer,0.0
1646413409,C,Light,1257.0
1646413409,C,MIC,3.0
1646413409,C,RSSI,76.0
1646413411,G,Temperature,23.05500030517578
1646413411,G,Humidity,32.838001251220696
1646413411,G,Pressure,101628.0
1646413411,G,Gas,1493.779052734375
1646413411,G,Accelerometer,0.0
1646413411,G,Light,1466.0
1646413411,G,MIC,3.0
1646413411,G,RSSI,76.0
1646413413,B,Temperature,23.05500030517578
1646413413,B,Humidity,31.78499984741211
1646413413,B,Pressure,101558.0
1646413413,B,Gas,4336.83203125
1646413413,B,Accelerometer,0.0
1646413413,B,Light,646.0
1646413413,B,MIC,3.0
1646413413,B,RSSI,84.0
1646413413,A,Temperature,22.80500030517578
1646413413,A,Humidity,33.27199935913086
1646413413,A,Pressure,101601.0
1646413413,A,Gas,1163.2120361328125
1646413413,A,Accelerometer,0.0
1646413413,A,Light,2184.0
1646413413,A,MIC,3.0
1646413413,A,RSSI,78.0
1646413415,H,Temperature,23.88500022888184
1646413415,H,Humidity,28.29400062561035
1646413415,H,Pressure,101610.0
1646413415,H,Gas,4142.60888671875
1646413415,H,Accelerometer,0.0
1646413415,H,Light,3608.0
1646413415,H,MIC,3.0
1646413415,H,RSSI,88.0
1646413417,D,Temperature,21.96500015258789
1646413417,D,Humidity,33.198001861572266
1646413417,D,Pressure,101625.0
1646413417,D,Gas,2325.337890625
1646413417,D,Accelerometer,0.0
1646413417,D,Light,381.0
1646413417,D,MIC,3.0
1646413417,D,RSSI,76.0
1646413418,E,Temperature,22.104999542236328
1646413418,E,Humidity,32.702999114990234
1646413418,E,Pressure,101605.0
1646413418,E,Gas,2520.31396484375
1646413418,E,Accelerometer,0.0
1646413418,E,Light,3867.0
1646413418,E,MIC,3.0
1646413418,E,RSSI,73.0
1646413419,F,Temperature,21.76499938964844
1646413419,F,Humidity,33.18199920654297
1646413419,F,Pressure,101642.0
1646413419,F,Gas,734.7509765625
1646413419,F,Accelerometer,0.0
1646413419,F,Light,201.0
1646413419,F,MIC,3.0
1646413419,F,RSSI,79.0
1646413419,C,Temperature,22.875
1646413419,C,Humidity,33.05500030517578
1646413419,C,Pressure,101619.0
1646413419,C,Gas,1047.6490478515623
1646413419,C,Accelerometer,0.0
1646413419,C,Light,1251.0
1646413419,C,MIC,3.0
1646413419,C,RSSI,76.0
1646413422,G,Temperature,23.045000076293945
1646413422,G,Humidity,32.834999084472656
1646413422,G,Pressure,101626.0
1646413422,G,Gas,1495.7659912109375
1646413422,G,Accelerometer,0.0
1646413422,G,Light,1466.0
1646413422,G,MIC,3.0
1646413422,G,RSSI,76.0
1646413423,A,Temperature,22.815000534057607
1646413423,A,Humidity,33.250999450683594
1646413423,A,Pressure,101599.0
1646413423,A,Gas,1149.031005859375
1646413423,A,Accelerometer,0.0
1646413423,A,Light,2187.0
1646413423,A,MIC,3.0
1646413423,A,RSSI,78.0
1646413423,B,Temperature,23.05500030517578
1646413423,B,Humidity,31.766000747680664
1646413423,B,Pressure,101558.0
1646413423,B,Gas,4336.4267578125
1646413423,B,Accelerometer,0.0
1646413423,B,Light,647.0
1646413423,B,MIC,3.0
1646413423,B,RSSI,84.0
1646413425,H,Temperature,23.88500022888184
1646413425,H,Humidity,28.2810001373291
1646413425,H,Pressure,101612.0
1646413425,H,Gas,4126.916015625
1646413425,H,Accelerometer,0.0
1646413425,H,Light,3607.0
1646413425,H,MIC,3.0
1646413425,H,RSSI,88.0
1646413427,D,Temperature,21.95499992370605
1646413427,D,Humidity,33.21200180053711
1646413427,D,Pressure,101626.0
1646413427,D,Gas,2306.833984375
1646413427,D,Accelerometer,0.0
1646413427,D,Light,382.0
1646413427,D,MIC,3.0
1646413427,D,RSSI,76.0
1646413428,E,Temperature,22.09499931335449
1646413428,E,Humidity,32.73099899291992
1646413428,E,Pressure,101605.0
1646413428,E,Gas,2513.139892578125
1646413428,E,Accelerometer,0.0
1646413428,E,Light,3866.0
1646413428,E,MIC,3.0
1646413428,E,RSSI,73.0
1646413429,C,Temperature,22.864999771118164
1646413429,C,Humidity,33.025001525878906
1646413429,C,Pressure,101619.0
1646413429,C,Gas,1054.35205078125
1646413429,C,Accelerometer,0.0
1646413429,C,Light,1254.0
1646413429,C,MIC,3.0
1646413429,C,RSSI,84.0
1646413429,F,Temperature,21.774999618530273
1646413429,F,Humidity,33.17699813842773
1646413429,F,Pressure,101643.0
1646413429,F,Gas,757.6510009765625
1646413429,F,Accelerometer,0.0
1646413429,F,Light,199.0
1646413429,F,MIC,3.0
1646413429,F,RSSI,79.0
1646413431,G,Temperature,23.03499984741211
1646413431,G,Humidity,32.86800003051758
1646413431,G,Pressure,101628.0
1646413431,G,Gas,1500.376953125
1646413431,G,Accelerometer,0.0
1646413431,G,Light,1464.0
1646413431,G,MIC,3.0
1646413431,G,RSSI,76.0
1646413433,A,Temperature,22.815000534057607
1646413433,A,Humidity,33.24700164794922
1646413433,A,Pressure,101601.0
1646413433,A,Gas,1147.9010009765625
1646413433,A,Accelerometer,0.0
1646413433,A,Light,2186.0
1646413433,A,MIC,3.0
1646413433,A,RSSI,78.0
1646413435,B,Temperature,23.05500030517578
1646413435,B,Humidity,31.774999618530273
1646413435,B,Pressure,101558.0
1646413435,B,Gas,4335.34814453125
1646413435,B,Accelerometer,0.0
1646413435,B,Light,647.0
1646413435,B,MIC,3.0
1646413435,B,RSSI,85.0
1646413437,D,Temperature,21.95499992370605
1646413437,D,Humidity,33.20600128173828
1646413437,D,Pressure,101626.0
1646413437,D,Gas,2308.8759765625
1646413437,D,Accelerometer,0.0
1646413437,D,Light,382.0
1646413437,D,MIC,3.0
1646413437,D,RSSI,76.0
1646413438,E,Temperature,22.09499931335449
1646413438,E,Humidity,32.73300170898437
1646413438,E,Pressure,101603.0
1646413438,E,Gas,2517.364013671875
1646413438,E,Accelerometer,0.0
1646413438,E,Light,3855.0
1646413438,E,MIC,3.0
1646413438,E,RSSI,73.0
1646413439,C,Temperature,22.864999771118164
1646413439,C,Humidity,33.02000045776367
1646413439,C,Pressure,101619.0
1646413439,C,Gas,1044.3050537109377
1646413439,C,Accelerometer,0.0
1646413439,C,Light,1243.0
1646413439,C,MIC,3.0
1646413439,C,RSSI,84.0
1646413439,F,Temperature,21.774999618530273
1646413439,F,Humidity,33.200000762939446
1646413439,F,Pressure,101642.0
1646413439,F,Gas,770.8699951171875
1646413439,F,Accelerometer,0.0
1646413439,F,Light,197.0
1646413439,F,MIC,3.0
1646413439,F,RSSI,79.0
1646413440,H,Temperature,23.88500022888184
1646413440,H,Humidity,28.268999099731445
1646413440,H,Pressure,101612.0
1646413440,H,Gas,4105.60888671875
1646413440,H,Accelerometer,0.0
1646413440,H,Light,3606.0
1646413440,H,MIC,3.0
1646413440,H,RSSI,88.0
1646413441,G,Temperature,23.03499984741211
1646413441,G,Humidity,32.90399932861328
1646413441,G,Pressure,101626.0
1646413441,G,Gas,1514.0059814453125
1646413441,G,Accelerometer,0.0
1646413441,G,Light,1464.0
1646413441,G,MIC,3.0
1646413441,G,RSSI,76.0
1646413443,B,Temperature,23.05500030517578
1646413443,B,Humidity,31.73600006103516
1646413443,B,Pressure,101556.0
1646413443,B,Gas,4322.85986328125
1646413443,B,Accelerometer,0.0
1646413443,B,Light,646.0
1646413443,B,MIC,3.0
1646413443,B,RSSI,85.0
1646413443,A,Temperature,22.80500030517578
1646413443,A,Humidity,33.25899887084961
1646413443,A,Pressure,101599.0
1646413443,A,Gas,1131.8260498046875
1646413443,A,Accelerometer,0.0
1646413443,A,Light,2188.0
1646413443,A,MIC,3.0
1646413443,A,RSSI,78.0
1646413445,H,Temperature,23.90500068664551
1646413445,H,Humidity,28.23699951171875
1646413445,H,Pressure,101610.0
1646413445,H,Gas,4103.134765625
1646413445,H,Accelerometer,0.0
1646413445,H,Light,3606.0
1646413445,H,MIC,3.0
1646413445,H,RSSI,89.0
1646413447,D,Temperature,21.95499992370605
1646413447,D,Humidity,33.187000274658196
1646413447,D,Pressure,101626.0
1646413447,D,Gas,2313.155029296875
1646413447,D,Accelerometer,0.0
1646413447,D,Light,385.0
1646413447,D,MIC,3.0
1646413447,D,RSSI,76.0
1646413448,E,Temperature,22.09499931335449
1646413448,E,Humidity,32.73400115966797
1646413448,E,Pressure,101607.0
1646413448,E,Gas,2515.337890625
1646413448,E,Accelerometer,0.0
1646413448,E,Light,3865.0
1646413448,E,MIC,3.0
1646413448,E,RSSI,73.0
1646413449,F,Temperature,21.774999618530273
1646413449,F,Humidity,33.16299819946289
1646413449,F,Pressure,101642.0
1646413449,F,Gas,765.8489990234375
1646413449,F,Accelerometer,0.0
1646413449,F,Light,195.0
1646413449,F,MIC,3.0
1646413449,F,RSSI,79.0
1646413449,C,Temperature,22.854999542236328
1646413449,C,Humidity,33.022998809814446
1646413449,C,Pressure,101615.0
1646413449,C,Gas,1054.45703125
1646413449,C,Accelerometer,0.0
1646413449,C,Light,1247.0
1646413449,C,MIC,3.0
1646413449,C,RSSI,84.0
1646413452,G,Temperature,23.045000076293945
1646413452,G,Humidity,32.893001556396484
1646413452,G,Pressure,101628.0
1646413452,G,Gas,1533.4630126953125
1646413452,G,Accelerometer,0.0
1646413452,G,Light,1461.0
1646413452,G,MIC,3.0
1646413452,G,RSSI,70.0
1646413453,B,Temperature,23.065000534057607
1646413453,B,Humidity,31.72500038146973
1646413453,B,Pressure,101558.0
1646413453,B,Gas,4315.9521484375
1646413453,B,Accelerometer,0.0
1646413453,B,Light,645.0
1646413453,B,MIC,3.0
1646413453,B,RSSI,85.0
1646413454,A,Temperature,22.815000534057607
1646413454,A,Humidity,33.21099853515625
1646413454,A,Pressure,101599.0
1646413454,A,Gas,1138.2530517578125
1646413454,A,Accelerometer,0.0
1646413454,A,Light,2194.0
1646413454,A,MIC,3.0
1646413454,A,RSSI,78.0
1646413455,H,Temperature,23.90500068664551
1646413455,H,Humidity,28.242000579833984
1646413455,H,Pressure,101610.0
1646413455,H,Gas,4114.64404296875
1646413455,H,Accelerometer,0.0
1646413455,H,Light,3607.0
1646413455,H,MIC,3.0
1646413455,H,RSSI,89.0
1646413457,D,Temperature,21.95499992370605
1646413457,D,Humidity,33.18600082397461
1646413457,D,Pressure,101628.0
1646413457,D,Gas,2319.26611328125
1646413457,D,Accelerometer,0.0
1646413457,D,Light,390.0
1646413457,D,MIC,3.0
1646413457,D,RSSI,54.0
1646413458,E,Temperature,22.084999084472656
1646413458,E,Humidity,32.74499893188477
1646413458,E,Pressure,101605.0
1646413458,E,Gas,2500.35888671875
1646413458,E,Accelerometer,0.0
1646413458,E,Light,3849.0
1646413458,E,MIC,3.0
1646413458,E,RSSI,73.0
1646413459,C,Temperature,22.854999542236328
1646413459,C,Humidity,33.02199935913086
1646413459,C,Pressure,101617.0
1646413459,C,Gas,1058.3819580078123
1646413459,C,Accelerometer,0.0
1646413459,C,Light,1246.0
1646413459,C,MIC,3.0
1646413459,C,RSSI,84.0
1646413460,F,Temperature,21.774999618530273
1646413460,F,Humidity,33.17699813842773
1646413460,F,Pressure,101643.0
1646413460,F,Gas,768.5449829101562
1646413460,F,Accelerometer,0.0
1646413460,F,Light,193.0
1646413460,F,MIC,3.0
1646413460,F,RSSI,79.0
1646413461,G,Temperature,23.03499984741211
1646413461,G,Humidity,32.944000244140625
1646413461,G,Pressure,101626.0
1646413461,G,Gas,1543.802978515625
1646413461,G,Accelerometer,0.0
1646413461,G,Light,1464.0
1646413461,G,MIC,3.0
1646413461,G,RSSI,70.0
1646413463,B,Temperature,23.065000534057607
1646413463,B,Humidity,31.729999542236328
1646413463,B,Pressure,101558.0
1646413463,B,Gas,4323.44677734375
1646413463,B,Accelerometer,0.0
1646413463,B,Light,647.0
1646413463,B,MIC,3.0
1646413463,B,RSSI,85.0
1646413463,A,Temperature,22.80500030517578
1646413463,A,Humidity,33.250999450683594
1646413463,A,Pressure,101601.0
1646413463,A,Gas,1138.2969970703125
1646413463,A,Accelerometer,0.0
1646413463,A,Light,2200.0
1646413463,A,MIC,3.0
1646413463,A,RSSI,78.0
1646413465,H,Temperature,23.915000915527344
1646413465,H,Humidity,28.291000366210927
1646413465,H,Pressure,101612.0
1646413465,H,Gas,4114.958984375
1646413465,H,Accelerometer,0.0
1646413465,H,Light,3608.0
1646413465,H,MIC,3.0
1646413465,H,RSSI,89.0
1646413467,D,Temperature,21.96500015258789
1646413467,D,Humidity,33.167999267578125
1646413467,D,Pressure,101628.0
1646413467,D,Gas,2316.077880859375
1646413467,D,Accelerometer,0.0
1646413467,D,Light,397.0
1646413467,D,MIC,3.0
1646413467,D,RSSI,54.0
1646413468,E,Temperature,22.084999084472656
1646413468,E,Humidity,32.74300003051758
1646413468,E,Pressure,101603.0
1646413468,E,Gas,2502.89404296875
1646413468,E,Accelerometer,0.0
1646413468,E,Light,3860.0
1646413468,E,MIC,3.0
1646413468,E,RSSI,80.0
1646413469,C,Temperature,22.854999542236328
1646413469,C,Humidity,33.01300048828125
1646413469,C,Pressure,101621.0
1646413469,C,Gas,1055.27099609375
1646413469,C,Accelerometer,0.0
1646413469,C,Light,1250.0
1646413469,C,MIC,3.0
1646413469,C,RSSI,84.0
1646413469,F,Temperature,21.76499938964844
1646413469,F,Humidity,33.169998168945305
1646413469,F,Pressure,101643.0
1646413469,F,Gas,763.7069702148438
1646413469,F,Accelerometer,0.0
1646413469,F,Light,192.0
1646413469,F,MIC,3.0
1646413469,F,RSSI,79.0
1646413471,G,Temperature,23.03499984741211
1646413471,G,Humidity,32.92599868774414
1646413471,G,Pressure,101628.0
1646413471,G,Gas,1534.498046875
1646413471,G,Accelerometer,0.0
1646413471,G,Light,1457.0
1646413471,G,MIC,3.0
1646413471,G,RSSI,70.0
1646413475,A,Temperature,22.815000534057607
1646413475,A,Humidity,33.255001068115234
1646413475,A,Pressure,101599.0
1646413475,A,Gas,1144.823974609375
1646413475,A,Accelerometer,0.0
1646413475,A,Light,2190.0
1646413475,A,MIC,3.0
1646413475,A,RSSI,78.0
1646413476,B,Temperature,23.05500030517578
1646413476,B,Humidity,31.750999450683594
1646413476,B,Pressure,101560.0
1646413476,B,Gas,4320.64599609375
1646413476,B,Accelerometer,0.0
1646413476,B,Light,646.0
1646413476,B,MIC,3.0
1646413476,B,RSSI,85.0
1646413476,H,Temperature,23.915000915527344
1646413476,H,Humidity,28.295000076293945
1646413476,H,Pressure,101614.0
1646413476,H,Gas,4127.208984375
1646413476,H,Accelerometer,0.0
1646413476,H,Light,3605.0
1646413476,H,MIC,3.0
1646413476,H,RSSI,89.0
1646413477,D,Temperature,21.95499992370605
1646413477,D,Humidity,33.19499969482422
1646413477,D,Pressure,101626.0
1646413477,D,Gas,2305.466064453125
1646413477,D,Accelerometer,0.0
1646413477,D,Light,407.0
1646413477,D,MIC,3.0
1646413477,D,RSSI,54.0
1646413478,E,Temperature,22.09499931335449
1646413478,E,Humidity,32.72900009155273
1646413478,E,Pressure,101607.0
1646413478,E,Gas,2499.174072265625
1646413478,E,Accelerometer,0.0
1646413478,E,Light,3860.0
1646413478,E,MIC,3.0
1646413478,E,RSSI,80.0
1646413479,F,Temperature,21.76499938964844
1646413479,F,Humidity,33.148998260498054
1646413479,F,Pressure,101645.0
1646413479,F,Gas,756.9810180664062
1646413479,F,Accelerometer,0.0
1646413479,F,Light,190.0
1646413479,F,MIC,3.0
1646413479,F,RSSI,79.0
1646413479,C,Temperature,22.854999542236328
1646413479,C,Humidity,33.023998260498054
1646413479,C,Pressure,101621.0
1646413479,C,Gas,1041.4649658203123
1646413479,C,Accelerometer,0.0
1646413479,C,Light,1249.0
1646413479,C,MIC,3.0
1646413479,C,RSSI,73.0
1646413481,G,Temperature,23.024999618530273
1646413481,G,Humidity,32.941001892089844
1646413481,G,Pressure,101624.0
1646413481,G,Gas,1543.73095703125
1646413481,G,Accelerometer,0.0
1646413481,G,Light,1463.0
1646413481,G,MIC,3.0
1646413481,G,RSSI,70.0
1646413483,B,Temperature,23.05500030517578
1646413483,B,Humidity,31.743999481201172
1646413483,B,Pressure,101560.0
1646413483,B,Gas,4318.50390625
1646413483,B,Accelerometer,0.0
1646413483,B,Light,649.0
1646413483,B,MIC,3.0
1646413483,B,RSSI,85.0
1646413483,A,Temperature,22.815000534057607
1646413483,A,Humidity,33.28200149536133
1646413483,A,Pressure,101601.0
1646413483,A,Gas,1139.3270263671875
1646413483,A,Accelerometer,0.0
1646413483,A,Light,2199.0
1646413483,A,MIC,3.0
1646413483,A,RSSI,78.0
1646413485,H,Temperature,23.90500068664551
1646413485,H,Humidity,28.42600059509277
1646413485,H,Pressure,101614.0
1646413485,H,Gas,4140.15087890625
1646413485,H,Accelerometer,0.0
1646413485,H,Light,3611.0
1646413485,H,MIC,3.0
1646413485,H,RSSI,89.0
1646413487,D,Temperature,21.95499992370605
1646413487,D,Humidity,33.195999145507805
1646413487,D,Pressure,101628.0
1646413487,D,Gas,2287.89111328125
1646413487,D,Accelerometer,0.0
1646413487,D,Light,412.0
1646413487,D,MIC,3.0
1646413487,D,RSSI,54.0
1646413488,E,Temperature,22.104999542236328
1646413488,E,Humidity,32.714000701904304
1646413488,E,Pressure,101607.0
1646413488,E,Gas,2508.429931640625
1646413488,E,Accelerometer,0.0
1646413488,E,Light,3862.0
1646413488,E,MIC,3.0
1646413488,E,RSSI,80.0
1646413489,C,Temperature,22.864999771118164
1646413489,C,Humidity,33.020999908447266
1646413489,C,Pressure,101621.0
1646413489,C,Gas,1054.3800048828123
1646413489,C,Accelerometer,0.0
1646413489,C,Light,1249.0
1646413489,C,MIC,3.0
1646413489,C,RSSI,73.0
1646413489,F,Temperature,21.76499938964844
1646413489,F,Humidity,33.139999389648445
1646413489,F,Pressure,101645.0
1646413489,F,Gas,752.89599609375
1646413489,F,Accelerometer,0.0
1646413489,F,Light,189.0
1646413489,F,MIC,3.0
1646413489,F,RSSI,78.0
1646413491,G,Temperature,23.024999618530273
1646413491,G,Humidity,32.90700149536133
1646413491,G,Pressure,101624.0
1646413491,G,Gas,1528.0050048828125
1646413491,G,Accelerometer,0.0
1646413491,G,Light,1460.0
1646413491,G,MIC,3.0
1646413491,G,RSSI,70.0
1646413493,A,Temperature,22.815000534057607
1646413493,A,Humidity,33.28900146484375
1646413493,A,Pressure,101599.0
1646413493,A,Gas,1150.43701171875
1646413493,A,Accelerometer,0.0
1646413493,A,Light,2192.0
1646413493,A,MIC,3.0
1646413493,A,RSSI,78.0
1646413494,B,Temperature,23.05500030517578
1646413494,B,Humidity,31.72900009155273
1646413494,B,Pressure,101560.0
1646413494,B,Gas,4309.12109375
1646413494,B,Accelerometer,0.0
1646413494,B,Light,648.0
1646413494,B,MIC,3.0
1646413494,B,RSSI,85.0
1646413495,H,Temperature,23.92499923706055
1646413495,H,Humidity,28.393999099731445
1646413495,H,Pressure,101612.0
1646413495,H,Gas,4167.8671875
1646413495,H,Accelerometer,0.0
1646413495,H,Light,3605.0
1646413495,H,MIC,3.0
1646413495,H,RSSI,79.0
1646413497,D,Temperature,21.95499992370605
1646413497,D,Humidity,33.187999725341804
1646413497,D,Pressure,101628.0
1646413497,D,Gas,2271.826904296875
1646413497,D,Accelerometer,0.0
1646413497,D,Light,416.0
1646413497,D,MIC,3.0
1646413497,D,RSSI,54.0
1646413498,E,Temperature,22.09499931335449
1646413498,E,Humidity,32.715999603271484
1646413498,E,Pressure,101607.0
1646413498,E,Gas,2495.072021484375
1646413498,E,Accelerometer,0.0
1646413498,E,Light,3863.0
1646413498,E,MIC,3.0
1646413498,E,RSSI,80.0
1646413499,C,Temperature,22.875
1646413499,C,Humidity,32.99100112915039
1646413499,C,Pressure,101621.0
1646413499,C,Gas,1045.5999755859377
1646413499,C,Accelerometer,0.0
1646413499,C,Light,1244.0
1646413499,C,MIC,3.0
1646413499,C,RSSI,73.0
1646413499,F,Temperature,21.76499938964844
1646413499,F,Humidity,33.143001556396484
1646413499,F,Pressure,101645.0
1646413499,F,Gas,750.2670288085938
1646413499,F,Accelerometer,0.0
1646413499,F,Light,188.0
1646413499,F,MIC,3.0
1646413499,F,RSSI,78.0
1646413503,A,Temperature,22.815000534057607
1646413503,A,Humidity,33.277999877929695
1646413503,A,Pressure,101603.0
1646413503,A,Gas,1159.02197265625
1646413503,A,Accelerometer,0.0
1646413503,A,Light,2191.0
1646413503,A,MIC,3.0
1646413503,A,RSSI,81.0
1646413504,G,Temperature,23.03499984741211
1646413504,G,Humidity,32.876998901367195
1646413504,G,Pressure,101632.0
1646413504,G,Gas,1524.865966796875
1646413504,G,Accelerometer,0.0
1646413504,G,Light,1461.0
1646413504,G,MIC,3.0
1646413504,G,RSSI,72.0
1646413505,B,Temperature,23.065000534057607
1646413505,B,Humidity,31.707000732421875
1646413505,B,Pressure,101560.0
1646413505,B,Gas,4309.248046875
1646413505,B,Accelerometer,0.0
1646413505,B,Light,650.0
1646413505,B,MIC,3.0
1646413505,B,RSSI,85.0
1646413507,D,Temperature,21.95499992370605
1646413507,D,Humidity,33.1510009765625
1646413507,D,Pressure,101630.0
1646413507,D,Gas,2286.801025390625
1646413507,D,Accelerometer,0.0
1646413507,D,Light,415.0
1646413507,D,MIC,3.0
1646413507,D,RSSI,57.0
1646413508,E,Temperature,22.09499931335449
1646413508,E,Humidity,32.70600128173828
1646413508,E,Pressure,101609.0
1646413508,E,Gas,2496.2958984375
1646413508,E,Accelerometer,0.0
1646413508,E,Light,3853.0
1646413508,E,MIC,3.0
1646413508,E,RSSI,80.0
1646413511,H,Temperature,23.934999465942386
1646413511,H,Humidity,28.36400032043457
1646413511,H,Pressure,101612.0
1646413511,H,Gas,4171.4541015625
1646413511,H,Accelerometer,0.0
1646413511,H,Light,3613.0
1646413511,H,MIC,3.0
1646413511,H,RSSI,79.0
1646413512,F,Temperature,21.76499938964844
1646413512,F,Humidity,33.139999389648445
1646413512,F,Pressure,101647.0
1646413512,F,Gas,734.4520263671875
1646413512,F,Accelerometer,0.0
1646413512,F,Light,189.0
1646413512,F,MIC,3.0
1646413512,F,RSSI,78.0
1646413512,C,Temperature,22.864999771118164
1646413512,C,Humidity,33.01300048828125
1646413512,C,Pressure,101623.0
1646413512,C,Gas,1040.9730224609377
1646413512,C,Accelerometer,0.0
1646413512,C,Light,1255.0
1646413512,C,MIC,3.0
1646413512,C,RSSI,73.0
1646413513,G,Temperature,23.03499984741211
1646413513,G,Humidity,32.834999084472656
1646413513,G,Pressure,101632.0
1646413513,G,Gas,1517.3709716796875
1646413513,G,Accelerometer,0.0
1646413513,G,Light,1457.0
1646413513,G,MIC,3.0
1646413513,G,RSSI,72.0
1646413513,A,Temperature,22.815000534057607
1646413513,A,Humidity,33.27899932861328
1646413513,A,Pressure,101603.0
1646413513,A,Gas,1164.2259521484375
1646413513,A,Accelerometer,0.0
1646413513,A,Light,2188.0
1646413513,A,MIC,3.0
1646413513,A,RSSI,81.0
1646413514,B,Temperature,23.065000534057607
1646413514,B,Humidity,31.72500038146973
1646413514,B,Pressure,101560.0
1646413514,B,Gas,4317.4072265625
1646413514,B,Accelerometer,0.0
1646413514,B,Light,647.0
1646413514,B,MIC,3.0
1646413514,B,RSSI,85.0
1646413516,H,Temperature,23.92499923706055
1646413516,H,Humidity,28.351999282836914
1646413516,H,Pressure,101614.0
1646413516,H,Gas,4177.7978515625
1646413516,H,Accelerometer,0.0
1646413516,H,Light,3609.0
1646413516,H,MIC,3.0
1646413516,H,RSSI,79.0
1646413517,D,Temperature,21.95499992370605
1646413517,D,Humidity,33.130001068115234
1646413517,D,Pressure,101634.0
1646413517,D,Gas,2267.39892578125
1646413517,D,Accelerometer,0.0
1646413517,D,Light,417.0
1646413517,D,MIC,3.0
1646413517,D,RSSI,57.0
1646413518,E,Temperature,22.09499931335449
1646413518,E,Humidity,32.68600082397461
1646413518,E,Pressure,101609.0
1646413518,E,Gas,2481.25
1646413518,E,Accelerometer,0.0
1646413518,E,Light,3854.0
1646413518,E,MIC,3.0
1646413518,E,RSSI,62.0
1646413519,C,Temperature,22.875
1646413519,C,Humidity,33.03099822998047
1646413519,C,Pressure,101625.0
1646413519,C,Gas,1040.656982421875
1646413519,C,Accelerometer,0.0
1646413519,C,Light,1251.0
1646413519,C,MIC,3.0
1646413519,C,RSSI,73.0
1646413519,F,Temperature,21.7549991607666
1646413519,F,Humidity,33.139999389648445
1646413519,F,Pressure,101649.0
1646413519,F,Gas,746.718994140625
1646413519,F,Accelerometer,0.0
1646413519,F,Light,187.0
1646413519,F,MIC,3.0
1646413519,F,RSSI,78.0
1646413521,G,Temperature,23.024999618530273
1646413521,G,Humidity,32.840999603271484
1646413521,G,Pressure,101634.0
1646413521,G,Gas,1513.989013671875
1646413521,G,Accelerometer,0.0
1646413521,G,Light,1467.0
1646413521,G,MIC,3.0
1646413521,G,RSSI,72.0
1646413523,A,Temperature,22.815000534057607
1646413523,A,Humidity,33.28499984741211
1646413523,A,Pressure,101605.0
1646413523,A,Gas,1183.3509521484375
1646413523,A,Accelerometer,0.0
1646413523,A,Light,2189.0
1646413523,A,MIC,3.0
1646413523,A,RSSI,81.0
1646413523,B,Temperature,23.07500076293945
1646413523,B,Humidity,31.69099998474121
1646413523,B,Pressure,101560.0
1646413523,B,Gas,4300.61279296875
1646413523,B,Accelerometer,0.0
1646413523,B,Light,648.0
1646413523,B,MIC,3.0
1646413523,B,RSSI,85.0
1646413526,H,Temperature,23.934999465942386
1646413526,H,Humidity,28.309999465942386
1646413526,H,Pressure,101616.0
1646413526,H,Gas,4167.091796875
1646413526,H,Accelerometer,0.0
1646413526,H,Light,3613.0
1646413526,H,MIC,3.0
1646413526,H,RSSI,79.0
1646413527,D,Temperature,21.95499992370605
1646413527,D,Humidity,33.145999908447266
1646413527,D,Pressure,101632.0
1646413527,D,Gas,2253.444091796875
1646413527,D,Accelerometer,0.0
1646413527,D,Light,419.0
1646413527,D,MIC,3.0
1646413527,D,RSSI,57.0
1646413528,E,Temperature,22.09499931335449
1646413528,E,Humidity,32.71099853515625
1646413528,E,Pressure,101611.0
1646413528,E,Gas,2492.9189453125
1646413528,E,Accelerometer,0.0
1646413528,E,Light,3858.0
1646413528,E,MIC,3.0
1646413528,E,RSSI,62.0
1646413529,C,Temperature,22.864999771118164
1646413529,C,Humidity,33.029998779296875
1646413529,C,Pressure,101621.0
1646413529,C,Gas,1042.489990234375
1646413529,C,Accelerometer,0.0
1646413529,C,Light,1248.0
1646413529,C,MIC,3.0
1646413529,C,RSSI,73.0
1646413529,F,Temperature,21.7549991607666
1646413529,F,Humidity,33.148998260498054
1646413529,F,Pressure,101643.0
1646413529,F,Gas,739.5449829101562
1646413529,F,Accelerometer,0.0
1646413529,F,Light,188.0
1646413529,F,MIC,3.0
1646413529,F,RSSI,78.0
1646413532,G,Temperature,23.024999618530273
1646413532,G,Humidity,32.80099868774414
1646413532,G,Pressure,101632.0
1646413532,G,Gas,1498.030029296875
1646413532,G,Accelerometer,0.0
1646413532,G,Light,1459.0
1646413532,G,MIC,3.0
1646413532,G,RSSI,72.0
1646413533,A,Temperature,22.80500030517578
1646413533,A,Humidity,33.30599975585937
1646413533,A,Pressure,101603.0
1646413533,A,Gas,1191.907958984375
1646413533,A,Accelerometer,0.0
1646413533,A,Light,2186.0
1646413533,A,MIC,3.0
1646413533,A,RSSI,81.0
1646413534,B,Temperature,23.07500076293945
1646413534,B,Humidity,31.67300033569336
1646413534,B,Pressure,101558.0
1646413534,B,Gas,4294.5078125
1646413534,B,Accelerometer,0.0
1646413534,B,Light,642.0
1646413534,B,MIC,3.0
1646413534,B,RSSI,85.0
1646413536,H,Temperature,23.94499969482422
1646413536,H,Humidity,28.26000022888184
1646413536,H,Pressure,101614.0
1646413536,H,Gas,4174.4931640625
1646413536,H,Accelerometer,0.0
1646413536,H,Light,3611.0
1646413536,H,MIC,3.0
1646413536,H,RSSI,79.0
1646413537,D,Temperature,21.95499992370605
1646413537,D,Humidity,33.12799835205078
1646413537,D,Pressure,101630.0
1646413537,D,Gas,2259.843017578125
1646413537,D,Accelerometer,0.0
1646413537,D,Light,421.0
1646413537,D,MIC,3.0
1646413537,D,RSSI,57.0
1646413538,E,Temperature,22.084999084472656
1646413538,E,Humidity,32.701000213623054
1646413538,E,Pressure,101605.0
1646413538,E,Gas,2480.18798828125
1646413538,E,Accelerometer,0.0
1646413538,E,Light,3865.0
1646413538,E,MIC,3.0
1646413538,E,RSSI,62.0
1646413539,F,Temperature,21.7549991607666
1646413539,F,Humidity,33.13800048828125
1646413539,F,Pressure,101647.0
1646413539,F,Gas,738.0170288085938
1646413539,F,Accelerometer,0.0
1646413539,F,Light,183.0
1646413539,F,MIC,3.0
1646413539,F,RSSI,77.0
1646413540,C,Temperature,22.875
1646413540,C,Humidity,33.0
1646413540,C,Pressure,101621.0
1646413540,C,Gas,1030.56103515625
1646413540,C,Accelerometer,0.0
1646413540,C,Light,1248.0
1646413540,C,MIC,3.0
1646413540,C,RSSI,65.0
1646413541,G,Temperature,23.024999618530273
1646413541,G,Humidity,32.792999267578125
1646413541,G,Pressure,101626.0
1646413541,G,Gas,1494.4439697265625
1646413541,G,Accelerometer,0.0
1646413541,G,Light,1461.0
1646413541,G,MIC,3.0
1646413541,G,RSSI,72.0
1646413543,A,Temperature,22.815000534057607
1646413543,A,Humidity,33.28799819946289
1646413543,A,Pressure,101603.0
1646413543,A,Gas,1203.0179443359375
1646413543,A,Accelerometer,0.0
1646413543,A,Light,2183.0
1646413543,A,MIC,3.0
1646413543,A,RSSI,81.0
1646413543,B,Temperature,23.07500076293945
1646413543,B,Humidity,31.66699981689453
1646413543,B,Pressure,101558.0
1646413543,B,Gas,4290.14013671875
1646413543,B,Accelerometer,0.0
1646413543,B,Light,649.0
1646413543,B,MIC,3.0
1646413543,B,RSSI,85.0
1646413545,H,Temperature,23.934999465942386
1646413545,H,Humidity,28.24900054931641
1646413545,H,Pressure,101612.0
1646413545,H,Gas,4156.751953125
1646413545,H,Accelerometer,0.0
1646413545,H,Light,3605.0
1646413545,H,MIC,3.0
1646413545,H,RSSI,92.0
1646413547,D,Temperature,21.95499992370605
1646413547,D,Humidity,33.12900161743164
1646413547,D,Pressure,101628.0
1646413547,D,Gas,2249.242919921875
1646413547,D,Accelerometer,0.0
1646413547,D,Light,424.0
1646413547,D,MIC,3.0
1646413547,D,RSSI,57.0
1646413548,E,Temperature,22.084999084472656
1646413548,E,Humidity,32.69699859619141
1646413548,E,Pressure,101605.0
1646413548,E,Gas,2466.8359375
1646413548,E,Accelerometer,0.0
1646413548,E,Light,3869.0
1646413548,E,MIC,3.0
1646413548,E,RSSI,62.0
1646413549,F,Temperature,21.7450008392334
1646413549,F,Humidity,33.161998748779304
1646413549,F,Pressure,101642.0
1646413549,F,Gas,738.5590209960938
1646413549,F,Accelerometer,0.0
1646413549,F,Light,181.0
1646413549,F,MIC,3.0
1646413549,F,RSSI,77.0
1646413549,C,Temperature,22.875
1646413549,C,Humidity,32.98400115966797
1646413549,C,Pressure,101621.0
1646413549,C,Gas,1038.6700439453123
1646413549,C,Accelerometer,0.0
1646413549,C,Light,1253.0
1646413549,C,MIC,3.0
1646413549,C,RSSI,65.0
1646413551,G,Temperature,23.024999618530273
1646413551,G,Humidity,32.77700042724609
1646413551,G,Pressure,101630.0
1646413551,G,Gas,1484.2030029296875
1646413551,G,Accelerometer,0.0
1646413551,G,Light,1459.0
1646413551,G,MIC,3.0
1646413551,G,RSSI,75.0
1646413553,A,Temperature,22.80500030517578
1646413553,A,Humidity,33.299999237060554
1646413553,A,Pressure,101603.0
1646413553,A,Gas,1212.218017578125
1646413553,A,Accelerometer,0.0
1646413553,A,Light,2197.0
1646413553,A,MIC,3.0
1646413553,A,RSSI,82.0
1646413555,B,Temperature,23.07500076293945
1646413555,B,Humidity,31.70199966430664
1646413555,B,Pressure,101558.0
1646413555,B,Gas,4297.94482421875
1646413555,B,Accelerometer,0.0
1646413555,B,Light,648.0
1646413555,B,MIC,3.0
1646413555,B,RSSI,85.0
1646413557,H,Temperature,23.94499969482422
1646413557,H,Humidity,28.20599937438965
1646413557,H,Pressure,101612.0
1646413557,H,Gas,4145.830078125
1646413557,H,Accelerometer,0.0
1646413557,H,Light,3609.0
1646413557,H,MIC,3.0
1646413557,H,RSSI,92.0
1646413557,D,Temperature,21.96500015258789
1646413557,D,Humidity,33.117000579833984
1646413557,D,Pressure,101628.0
1646413557,D,Gas,2248.367919921875
1646413557,D,Accelerometer,0.0
1646413557,D,Light,426.0
1646413557,D,MIC,3.0
1646413557,D,RSSI,53.0
1646413558,E,Temperature,22.09499931335449
1646413558,E,Humidity,32.67699813842773
1646413558,E,Pressure,101607.0
1646413558,E,Gas,2462.98291015625
1646413558,E,Accelerometer,0.0
1646413558,E,Light,3863.0
1646413558,E,MIC,3.0
1646413558,E,RSSI,58.0
1646413559,F,Temperature,21.7549991607666
1646413559,F,Humidity,33.12900161743164
1646413559,F,Pressure,101645.0
1646413559,F,Gas,728.14697265625
1646413559,F,Accelerometer,0.0
1646413559,F,Light,180.0
1646413559,F,MIC,3.0
1646413559,F,RSSI,77.0
1646413559,C,Temperature,22.875
1646413559,C,Humidity,32.96799850463867
1646413559,C,Pressure,101621.0
1646413559,C,Gas,1029.85205078125
1646413559,C,Accelerometer,0.0
1646413559,C,Light,1242.0
1646413559,C,MIC,3.0
1646413559,C,RSSI,65.0
1646413563,A,Temperature,22.815000534057607
1646413563,A,Humidity,33.30199813842773
1646413563,A,Pressure,101603.0
1646413563,A,Gas,1214.907958984375
1646413563,A,Accelerometer,0.0
1646413563,A,Light,2196.0
1646413563,A,MIC,3.0
1646413563,A,RSSI,82.0
1646413564,G,Temperature,23.03499984741211
1646413564,G,Humidity,32.77899932861328
1646413564,G,Pressure,101632.0
1646413564,G,Gas,1475.5899658203125
1646413564,G,Accelerometer,0.0
1646413564,G,Light,1459.0
1646413564,G,MIC,3.0
1646413564,G,RSSI,75.0
1646413564,B,Temperature,23.07500076293945
1646413564,B,Humidity,31.68000030517578
1646413564,B,Pressure,101558.0
1646413564,B,Gas,4298.58203125
1646413564,B,Accelerometer,0.0
1646413564,B,Light,650.0
1646413564,B,MIC,3.0
1646413564,B,RSSI,85.0
1646413566,H,Temperature,23.934999465942386
1646413566,H,Humidity,28.371999740600586
1646413566,H,Pressure,101616.0
1646413566,H,Gas,4156.44189453125
1646413566,H,Accelerometer,0.0
1646413566,H,Light,3606.0
1646413566,H,MIC,3.0
1646413566,H,RSSI,92.0
1646413567,D,Temperature,21.96500015258789
1646413567,D,Humidity,33.09999847412109
1646413567,D,Pressure,101630.0
1646413567,D,Gas,2246.580078125
1646413567,D,Accelerometer,0.0
1646413567,D,Light,427.0
1646413567,D,MIC,3.0
1646413567,D,RSSI,53.0
1646413568,E,Temperature,22.104999542236328
1646413568,E,Humidity,32.62400054931641
1646413568,E,Pressure,101607.0
1646413568,E,Gas,2443.18310546875
1646413568,E,Accelerometer,0.0
1646413568,E,Light,3864.0
1646413568,E,MIC,3.0
1646413568,E,RSSI,58.0
1646413569,F,Temperature,21.7549991607666
1646413569,F,Humidity,33.12900161743164
1646413569,F,Pressure,101645.0
1646413569,F,Gas,722.052978515625
1646413569,F,Accelerometer,0.0
1646413569,F,Light,180.0
1646413569,F,MIC,3.0
1646413569,F,RSSI,77.0
1646413569,C,Temperature,22.854999542236328
1646413569,C,Humidity,32.99900054931641
1646413569,C,Pressure,101623.0
1646413569,C,Gas,1012.3319702148438
1646413569,C,Accelerometer,0.0
1646413569,C,Light,1247.0
1646413569,C,MIC,3.0
1646413569,C,RSSI,65.0
1646413571,G,Temperature,23.01499938964844
1646413571,G,Humidity,32.803001403808594
1646413571,G,Pressure,101626.0
1646413571,G,Gas,1484.0810546875
1646413571,G,Accelerometer,0.0
1646413571,G,Light,1455.0
1646413571,G,MIC,3.0
1646413571,G,RSSI,75.0
1646413573,A,Temperature,22.815000534057607
1646413573,A,Humidity,33.292999267578125
1646413573,A,Pressure,101603.0
1646413573,A,Gas,1220.7650146484375
1646413573,A,Accelerometer,0.0
1646413573,A,Light,2194.0
1646413573,A,MIC,3.0
1646413573,A,RSSI,82.0
1646413574,B,Temperature,23.07500076293945
1646413574,B,Humidity,31.67799949645996
1646413574,B,Pressure,101562.0
1646413574,B,Gas,4298.68701171875
1646413574,B,Accelerometer,0.0
1646413574,B,Light,640.0
1646413574,B,MIC,3.0
1646413574,B,RSSI,85.0
1646413575,H,Temperature,23.915000915527344
1646413575,H,Humidity,28.47599983215332
1646413575,H,Pressure,101616.0
1646413575,H,Gas,4186.06201171875
1646413575,H,Accelerometer,0.0
1646413575,H,Light,3609.0
1646413575,H,MIC,3.0
1646413575,H,RSSI,92.0
1646413577,D,Temperature,21.96500015258789
1646413577,D,Humidity,33.113998413085945
1646413577,D,Pressure,101632.0
1646413577,D,Gas,2240.214111328125
1646413577,D,Accelerometer,0.0
1646413577,D,Light,428.0
1646413577,D,MIC,3.0
1646413577,D,RSSI,53.0
1646413578,E,Temperature,22.104999542236328
1646413578,E,Humidity,32.612998962402344
1646413578,E,Pressure,101609.0
1646413578,E,Gas,2433.556884765625
1646413578,E,Accelerometer,0.0
1646413578,E,Light,3857.0
1646413578,E,MIC,3.0
1646413578,E,RSSI,58.0
1646413579,F,Temperature,21.7549991607666
1646413579,F,Humidity,33.12400054931641
1646413579,F,Pressure,101649.0
1646413579,F,Gas,717.2150268554688
1646413579,F,Accelerometer,0.0
1646413579,F,Light,180.0
1646413579,F,MIC,3.0
1646413579,F,RSSI,77.0
1646413579,C,Temperature,22.854999542236328
1646413579,C,Humidity,32.99599838256836
1646413579,C,Pressure,101623.0
1646413579,C,Gas,1009.43701171875
1646413579,C,Accelerometer,0.0
1646413579,C,Light,1251.0
1646413579,C,MIC,3.0
1646413579,C,RSSI,75.0
1646413581,G,Temperature,23.03499984741211
1646413581,G,Humidity,32.76599884033203
1646413581,G,Pressure,101636.0
1646413581,G,Gas,1456.8909912109375
1646413581,G,Accelerometer,0.0
1646413581,G,Light,1454.0
1646413581,G,MIC,3.0
1646413581,G,RSSI,75.0
1646413583,B,Temperature,23.065000534057607
1646413583,B,Humidity,31.70400047302246
1646413583,B,Pressure,101562.0
1646413583,B,Gas,4296.173828125
1646413583,B,Accelerometer,0.0
1646413583,B,Light,646.0
1646413583,B,MIC,3.0
1646413583,B,RSSI,89.0
1646413583,A,Temperature,22.815000534057607
1646413583,A,Humidity,33.275001525878906
1646413583,A,Pressure,101605.0
1646413583,A,Gas,1224.06396484375
1646413583,A,Accelerometer,0.0
1646413583,A,Light,2194.0
1646413583,A,MIC,3.0
1646413583,A,RSSI,82.0
1646413586,H,Temperature,23.92499923706055
1646413586,H,Humidity,28.541000366210927
1646413586,H,Pressure,101616.0
1646413586,H,Gas,4221.47216796875
1646413586,H,Accelerometer,0.0
1646413586,H,Light,3610.0
1646413586,H,MIC,3.0
1646413586,H,RSSI,92.0
1646413587,D,Temperature,21.96500015258789
1646413587,D,Humidity,33.090999603271484
1646413587,D,Pressure,101632.0
1646413587,D,Gas,2225.091064453125
1646413587,D,Accelerometer,0.0
1646413587,D,Light,431.0
1646413587,D,MIC,3.0
1646413587,D,RSSI,53.0
1646413588,E,Temperature,22.104999542236328
1646413588,E,Humidity,32.60800170898437
1646413588,E,Pressure,101609.0
1646413588,E,Gas,2422.950927734375
1646413588,E,Accelerometer,0.0
1646413588,E,Light,3861.0
1646413588,E,MIC,3.0
1646413588,E,RSSI,58.0
1646413589,C,Temperature,22.864999771118164
1646413589,C,Humidity,32.990001678466804
1646413589,C,Pressure,101625.0
1646413589,C,Gas,1007.7210083007812
1646413589,C,Accelerometer,0.0
1646413589,C,Light,1246.0
1646413589,C,MIC,3.0
1646413589,C,RSSI,75.0
1646413589,F,Temperature,21.7549991607666
1646413589,F,Humidity,33.13399887084961
1646413589,F,Pressure,101649.0
1646413589,F,Gas,708.906005859375
1646413589,F,Accelerometer,0.0
1646413589,F,Light,179.0
1646413589,F,MIC,3.0
1646413589,F,RSSI,78.0
1646413591,G,Temperature,23.024999618530273
1646413591,G,Humidity,32.791000366210945
1646413591,G,Pressure,101634.0
1646413591,G,Gas,1462.7919921875
1646413591,G,Accelerometer,0.0
1646413591,G,Light,1454.0
1646413591,G,MIC,3.0
1646413591,G,RSSI,75.0
1646413593,A,Temperature,22.815000534057607
1646413593,A,Humidity,33.29399871826172
1646413593,A,Pressure,101607.0
1646413593,A,Gas,1218.511962890625
1646413593,A,Accelerometer,0.0
1646413593,A,Light,2194.0
1646413593,A,MIC,3.0
1646413593,A,RSSI,82.0
1646413593,B,Temperature,23.05500030517578
1646413593,B,Humidity,31.718000411987305
1646413593,B,Pressure,101564.0
1646413593,B,Gas,4297.47412109375
1646413593,B,Accelerometer,0.0
1646413593,B,Light,650.0
1646413593,B,MIC,3.0
1646413593,B,RSSI,89.0
1646413597,D,Temperature,21.95499992370605
1646413597,D,Humidity,33.08300018310547
1646413597,D,Pressure,101634.0
1646413597,D,Gas,2218.006103515625
1646413597,D,Accelerometer,0.0
1646413597,D,Light,436.0
1646413597,D,MIC,3.0
1646413597,D,RSSI,53.0
1646413598,E,Temperature,22.09499931335449
1646413598,E,Humidity,32.61100006103516
1646413598,E,Pressure,101611.0
1646413598,E,Gas,2407.883056640625
1646413598,E,Accelerometer,0.0
1646413598,E,Light,3857.0
1646413598,E,MIC,3.0
1646413598,E,RSSI,58.0
1646413600,H,Temperature,23.934999465942386
1646413600,H,Humidity,28.51300048828125
1646413600,H,Pressure,101616.0
1646413600,H,Gas,4244.93701171875
1646413600,H,Accelerometer,0.0
1646413600,H,Light,3612.0
1646413600,H,MIC,3.0
1646413600,H,RSSI,88.0
1646413600,F,Temperature,21.76499938964844
1646413600,F,Humidity,33.125
1646413600,F,Pressure,101651.0
1646413600,F,Gas,707.0070190429688
1646413600,F,Accelerometer,0.0
1646413600,F,Light,178.0
1646413600,F,MIC,3.0
1646413600,F,RSSI,78.0
1646413600,C,Temperature,22.854999542236328
1646413600,C,Humidity,32.99300003051758
1646413600,C,Pressure,101627.0
1646413600,C,Gas,1000.2760009765624
1646413600,C,Accelerometer,0.0
1646413600,C,Light,1251.0
1646413600,C,MIC,3.0
1646413600,C,RSSI,75.0
1646413601,G,Temperature,23.024999618530273
1646413601,G,Humidity,32.772998809814446
1646413601,G,Pressure,101630.0
1646413601,G,Gas,1445.083984375
1646413601,G,Accelerometer,0.0
1646413601,G,Light,1459.0
1646413601,G,MIC,3.0
1646413601,G,RSSI,75.0
1646413603,A,Temperature,22.815000534057607
1646413603,A,Humidity,33.286998748779304
1646413603,A,Pressure,101605.0
1646413603,A,Gas,1221.0140380859375
1646413603,A,Accelerometer,0.0
1646413603,A,Light,2188.0
1646413603,A,MIC,3.0
1646413603,A,RSSI,79.0
1646413604,B,Temperature,23.05500030517578
1646413604,B,Humidity,31.69599914550781
1646413604,B,Pressure,101560.0
1646413604,B,Gas,4281.47119140625
1646413604,B,Accelerometer,0.0
1646413604,B,Light,648.0
1646413604,B,MIC,3.0
1646413604,B,RSSI,89.0
1646413605,H,Temperature,23.934999465942386
1646413605,H,Humidity,28.44499969482422
1646413605,H,Pressure,101620.0
1646413605,H,Gas,4241.7099609375
1646413605,H,Accelerometer,0.0
1646413605,H,Light,3613.0
1646413605,H,MIC,3.0
1646413605,H,RSSI,88.0
1646413607,D,Temperature,21.95499992370605
1646413607,D,Humidity,33.07199859619141
1646413607,D,Pressure,101634.0
1646413607,D,Gas,2222.445068359375
1646413607,D,Accelerometer,0.0
1646413607,D,Light,436.0
1646413607,D,MIC,3.0
1646413607,D,RSSI,53.0
1646413608,E,Temperature,22.09499931335449
1646413608,E,Humidity,32.59199905395508
1646413608,E,Pressure,101612.0
1646413608,E,Gas,2390.757080078125
1646413608,E,Accelerometer,0.0
1646413608,E,Light,3852.0
1646413608,E,MIC,3.0
1646413608,E,RSSI,58.0
1646413609,F,Temperature,21.76499938964844
1646413609,F,Humidity,33.137001037597656
1646413609,F,Pressure,101649.0
1646413609,F,Gas,729.0549926757812
1646413609,F,Accelerometer,0.0
1646413609,F,Light,177.0
1646413609,F,MIC,3.0
1646413609,F,RSSI,78.0
1646413609,C,Temperature,22.84499931335449
1646413609,C,Humidity,32.99700164794922
1646413609,C,Pressure,101623.0
1646413609,C,Gas,1000.0819702148438
1646413609,C,Accelerometer,0.0
1646413609,C,Light,1249.0
1646413609,C,MIC,3.0
1646413609,C,RSSI,75.0
1646413611,G,Temperature,23.03499984741211
1646413611,G,Humidity,32.71099853515625
1646413611,G,Pressure,101636.0
1646413611,G,Gas,1413.4429931640625
1646413611,G,Accelerometer,0.0
1646413611,G,Light,1455.0
1646413611,G,MIC,3.0
1646413611,G,RSSI,75.0
1646413613,A,Temperature,22.815000534057607
1646413613,A,Humidity,33.31100082397461
1646413613,A,Pressure,101607.0
1646413613,A,Gas,1209.5889892578125
1646413613,A,Accelerometer,0.0
1646413613,A,Light,2186.0
1646413613,A,MIC,3.0
1646413613,A,RSSI,79.0
1646413615,H,Temperature,23.92499923706055
1646413615,H,Humidity,28.4060001373291
1646413615,H,Pressure,101618.0
1646413615,H,Gas,4243.875
1646413615,H,Accelerometer,0.0
1646413615,H,Light,3614.0
1646413615,H,MIC,3.0
1646413615,H,RSSI,88.0
1646413617,D,Temperature,21.95499992370605
1646413617,D,Humidity,33.088001251220696
1646413617,D,Pressure,101634.0
1646413617,D,Gas,2198.1669921875
1646413617,D,Accelerometer,0.0
1646413617,D,Light,441.0
1646413617,D,MIC,3.0
1646413617,D,RSSI,53.0
1646413618,B,Temperature,23.05500030517578
1646413618,B,Humidity,31.70499992370605
1646413618,B,Pressure,101573.0
1646413618,B,Gas,4256.8779296875
1646413618,B,Accelerometer,0.0
1646413618,B,Light,649.0
1646413618,B,MIC,3.0
1646413618,B,RSSI,89.0
1646413619,E,Temperature,22.09499931335449
1646413619,E,Humidity,32.602001190185554
1646413619,E,Pressure,101611.0
1646413619,E,Gas,2381.800048828125
1646413619,E,Accelerometer,0.0
1646413619,E,Light,3850.0
1646413619,E,MIC,3.0
1646413619,E,RSSI,72.0
1646413619,F,Temperature,21.76499938964844
1646413619,F,Humidity,33.130001068115234
1646413619,F,Pressure,101649.0
1646413619,F,Gas,738.6370239257812
1646413619,F,Accelerometer,0.0
1646413619,F,Light,177.0
1646413619,F,MIC,3.0
1646413619,F,RSSI,78.0
1646413619,C,Temperature,22.864999771118164
1646413619,C,Humidity,32.98199844360352
1646413619,C,Pressure,101625.0
1646413619,C,Gas,997.7849731445312
1646413619,C,Accelerometer,0.0
1646413619,C,Light,1246.0
1646413619,C,MIC,3.0
1646413619,C,RSSI,75.0
1646413621,G,Temperature,23.045000076293945
1646413621,G,Humidity,32.709999084472656
1646413621,G,Pressure,101632.0
1646413621,G,Gas,1405.0009765625
1646413621,G,Accelerometer,0.0
1646413621,G,Light,1457.0
1646413621,G,MIC,3.0
1646413621,G,RSSI,75.0
1646413623,A,Temperature,22.815000534057607
1646413623,A,Humidity,33.299999237060554
1646413623,A,Pressure,101605.0
1646413623,A,Gas,1213.949951171875
1646413623,A,Accelerometer,0.0
1646413623,A,Light,2188.0
1646413623,A,MIC,3.0
1646413623,A,RSSI,79.0
1646413624,B,Temperature,23.045000076293945
1646413624,B,Humidity,31.722999572753906
1646413624,B,Pressure,101560.0
1646413624,B,Gas,4243.85791015625
1646413624,B,Accelerometer,0.0
1646413624,B,Light,648.0
1646413624,B,MIC,3.0
1646413624,B,RSSI,89.0
1646413625,H,Temperature,23.915000915527344
1646413625,H,Humidity,28.40399932861328
1646413625,H,Pressure,101618.0
1646413625,H,Gas,4238.6328125
1646413625,H,Accelerometer,0.0
1646413625,H,Light,3612.0
1646413625,H,MIC,3.0
1646413625,H,RSSI,88.0
1646413627,D,Temperature,21.94499969482422
1646413627,D,Humidity,33.10499954223633
1646413627,D,Pressure,101634.0
1646413627,D,Gas,2185.5458984375
1646413627,D,Accelerometer,0.0
1646413627,D,Light,448.0
1646413627,D,MIC,3.0
1646413627,D,RSSI,53.0
1646413628,E,Temperature,22.084999084472656
1646413628,E,Humidity,32.630001068115234
1646413628,E,Pressure,101609.0
1646413628,E,Gas,2379.679931640625
1646413628,E,Accelerometer,0.0
1646413628,E,Light,3850.0
1646413628,E,MIC,3.0
1646413628,E,RSSI,72.0
1646413629,F,Temperature,21.7549991607666
1646413629,F,Humidity,33.11999893188477
1646413629,F,Pressure,101647.0
1646413629,F,Gas,741.3109741210938
1646413629,F,Accelerometer,0.0
1646413629,F,Light,176.0
1646413629,F,MIC,3.0
1646413629,F,RSSI,78.0
1646413629,C,Temperature,22.864999771118164
1646413629,C,Humidity,32.959999084472656
1646413629,C,Pressure,101623.0
1646413629,C,Gas,996.3289794921876
1646413629,C,Accelerometer,0.0
1646413629,C,Light,1247.0
1646413629,C,MIC,3.0
1646413629,C,RSSI,74.0
1646413631,G,Temperature,23.05500030517578
1646413631,G,Humidity,32.701000213623054
1646413631,G,Pressure,101634.0
1646413631,G,Gas,1403.56201171875
1646413631,G,Accelerometer,0.0
1646413631,G,Light,1460.0
1646413631,G,MIC,3.0
1646413631,G,RSSI,75.0
1646413634,B,Temperature,23.045000076293945
1646413634,B,Humidity,31.75300025939941
1646413634,B,Pressure,101562.0
1646413634,B,Gas,4233.85498046875
1646413634,B,Accelerometer,0.0
1646413634,B,Light,647.0
1646413634,B,MIC,3.0
1646413634,B,RSSI,95.0
1646413634,A,Temperature,22.815000534057607
1646413634,A,Humidity,33.291000366210945
1646413634,A,Pressure,101605.0
1646413634,A,Gas,1228.9739990234375
1646413634,A,Accelerometer,0.0
1646413634,A,Light,2181.0
1646413634,A,MIC,3.0
1646413634,A,RSSI,79.0
1646413636,H,Temperature,23.915000915527344
1646413636,H,Humidity,28.29199981689453
1646413636,H,Pressure,101620.0
1646413636,H,Gas,4210.94384765625
1646413636,H,Accelerometer,0.0
1646413636,H,Light,3614.0
1646413636,H,MIC,3.0
1646413636,H,RSSI,88.0
1646413637,D,Temperature,21.94499969482422
1646413637,D,Humidity,33.08700180053711
1646413637,D,Pressure,101632.0
1646413637,D,Gas,2190.705078125
1646413637,D,Accelerometer,0.0
1646413637,D,Light,447.0
1646413637,D,MIC,3.0
1646413637,D,RSSI,53.0
1646413638,E,Temperature,22.09499931335449
1646413638,E,Humidity,32.626998901367195
1646413638,E,Pressure,101612.0
1646413638,E,Gas,2368.47607421875
1646413638,E,Accelerometer,0.0
1646413638,E,Light,3846.0
1646413638,E,MIC,3.0
1646413638,E,RSSI,72.0
1646413639,C,Temperature,22.875
1646413639,C,Humidity,32.965999603271484
1646413639,C,Pressure,101625.0
1646413639,C,Gas,991.6300048828124
1646413639,C,Accelerometer,0.0
1646413639,C,Light,1250.0
1646413639,C,MIC,3.0
1646413639,C,RSSI,74.0
1646413639,F,Temperature,21.76499938964844
1646413639,F,Humidity,33.080001831054695
1646413639,F,Pressure,101649.0
1646413639,F,Gas,729.52001953125
1646413639,F,Accelerometer,0.0
1646413639,F,Light,174.0
1646413639,F,MIC,3.0
1646413639,F,RSSI,79.0
1646413642,G,Temperature,23.045000076293945
1646413642,G,Humidity,32.709999084472656
1646413642,G,Pressure,101630.0
1646413642,G,Gas,1395.114990234375
1646413642,G,Accelerometer,0.0
1646413642,G,Light,1462.0
1646413642,G,MIC,3.0
1646413642,G,RSSI,75.0
1646413643,A,Temperature,22.80500030517578
1646413643,A,Humidity,33.299999237060554
1646413643,A,Pressure,101605.0
1646413643,A,Gas,1228.2039794921875
1646413643,A,Accelerometer,0.0
1646413643,A,Light,2192.0
1646413643,A,MIC,3.0
1646413643,A,RSSI,79.0
1646413644,B,Temperature,23.045000076293945
1646413644,B,Humidity,31.76000022888184
1646413644,B,Pressure,101560.0
1646413644,B,Gas,4237.26513671875
1646413644,B,Accelerometer,0.0
1646413644,B,Light,649.0
1646413644,B,MIC,3.0
1646413644,B,RSSI,95.0
1646413646,H,Temperature,23.90500068664551
1646413646,H,Humidity,28.3129997253418
1646413646,H,Pressure,101614.0
1646413646,H,Gas,4171.23779296875
1646413646,H,Accelerometer,0.0
1646413646,H,Light,3613.0
1646413646,H,MIC,3.0
1646413646,H,RSSI,91.0
1646413647,D,Temperature,21.95499992370605
1646413647,D,Humidity,33.067001342773445
1646413647,D,Pressure,101632.0
1646413647,D,Gas,2183.68603515625
1646413647,D,Accelerometer,0.0
1646413647,D,Light,443.0
1646413647,D,MIC,3.0
1646413647,D,RSSI,53.0
1646413648,E,Temperature,22.084999084472656
1646413648,E,Humidity,32.641998291015625
1646413648,E,Pressure,101609.0
1646413648,E,Gas,2368.925048828125
1646413648,E,Accelerometer,0.0
1646413648,E,Light,3845.0
1646413648,E,MIC,3.0
1646413648,E,RSSI,72.0
1646413649,C,Temperature,22.88500022888184
1646413649,C,Humidity,32.93199920654297
1646413649,C,Pressure,101623.0
1646413649,C,Gas,986.10498046875
1646413649,C,Accelerometer,0.0
1646413649,C,Light,1242.0
1646413649,C,MIC,3.0
1646413649,C,RSSI,74.0
1646413649,F,Temperature,21.7549991607666
1646413649,F,Humidity,33.112998962402344
1646413649,F,Pressure,101649.0
1646413649,F,Gas,715.083984375
1646413649,F,Accelerometer,0.0
1646413649,F,Light,174.0
1646413649,F,MIC,3.0
1646413649,F,RSSI,79.0
1646413651,G,Temperature,23.045000076293945
1646413651,G,Humidity,32.667999267578125
1646413651,G,Pressure,101632.0
1646413651,G,Gas,1376.488037109375
1646413651,G,Accelerometer,0.0
1646413651,G,Light,1460.0
1646413651,G,MIC,3.0
1646413651,G,RSSI,70.0
1646413653,A,Temperature,22.80500030517578
1646413653,A,Humidity,33.304000854492195
1646413653,A,Pressure,101605.0
1646413653,A,Gas,1230.64501953125
1646413653,A,Accelerometer,0.0
1646413653,A,Light,2197.0
1646413653,A,MIC,3.0
1646413653,A,RSSI,78.0
1646413653,B,Temperature,23.03499984741211
1646413653,B,Humidity,31.77899932861328
1646413653,B,Pressure,101560.0
1646413653,B,Gas,4244.26220703125
1646413653,B,Accelerometer,0.0
1646413653,B,Light,645.0
1646413653,B,MIC,3.0
1646413653,B,RSSI,95.0
1646413655,H,Temperature,23.915000915527344
1646413655,H,Humidity,28.283000946044922
1646413655,H,Pressure,101618.0
1646413655,H,Gas,4149.0078125
1646413655,H,Accelerometer,0.0
1646413655,H,Light,3614.0
1646413655,H,MIC,3.0
1646413655,H,RSSI,91.0
1646413657,D,Temperature,21.94499969482422
1646413657,D,Humidity,33.069000244140625
1646413657,D,Pressure,101632.0
1646413657,D,Gas,2181.5830078125
1646413657,D,Accelerometer,0.0
1646413657,D,Light,436.0
1646413657,D,MIC,3.0
1646413657,D,RSSI,54.0
1646413658,E,Temperature,22.084999084472656
1646413658,E,Humidity,32.62900161743164
1646413658,E,Pressure,101611.0
1646413658,E,Gas,2358.114013671875
1646413658,E,Accelerometer,0.0
1646413658,E,Light,3838.0
1646413658,E,MIC,3.0
1646413658,E,RSSI,72.0
1646413660,F,Temperature,21.76499938964844
1646413660,F,Humidity,33.10300064086914
1646413660,F,Pressure,101649.0
1646413660,F,Gas,724.3939819335938
1646413660,F,Accelerometer,0.0
1646413660,F,Light,172.0
1646413660,F,MIC,3.0
1646413660,F,RSSI,79.0
1646413660,C,Temperature,22.875
1646413660,C,Humidity,32.935001373291016
1646413660,C,Pressure,101625.0
1646413660,C,Gas,972.6209716796876
1646413660,C,Accelerometer,0.0
1646413660,C,Light,1242.0
1646413660,C,MIC,3.0
1646413660,C,RSSI,74.0
1646413661,G,Temperature,23.05500030517578
1646413661,G,Humidity,32.641998291015625
1646413661,G,Pressure,101634.0
1646413661,G,Gas,1370.3609619140625
1646413661,G,Accelerometer,0.0
1646413661,G,Light,1455.0
1646413661,G,MIC,3.0
1646413661,G,RSSI,70.0
1646413663,B,Temperature,23.024999618530273
1646413663,B,Humidity,31.77199935913086
1646413663,B,Pressure,101562.0
1646413663,B,Gas,4243.9248046875
1646413663,B,Accelerometer,0.0
1646413663,B,Light,647.0
1646413663,B,MIC,3.0
1646413663,B,RSSI,95.0
1646413664,A,Temperature,22.815000534057607
1646413664,A,Humidity,33.24700164794922
1646413664,A,Pressure,101607.0
1646413664,A,Gas,1210.1199951171875
1646413664,A,Accelerometer,0.0
1646413664,A,Light,2191.0
1646413664,A,MIC,3.0
1646413664,A,RSSI,78.0
1646413666,H,Temperature,23.90500068664551
1646413666,H,Humidity,28.27300071716309
1646413666,H,Pressure,101620.0
1646413666,H,Gas,4137.82080078125
1646413666,H,Accelerometer,0.0
1646413666,H,Light,3616.0
1646413666,H,MIC,3.0
1646413666,H,RSSI,91.0
1646413667,D,Temperature,21.94499969482422
1646413667,D,Humidity,33.08300018310547
1646413667,D,Pressure,101636.0
1646413667,D,Gas,2172.06201171875
1646413667,D,Accelerometer,0.0
1646413667,D,Light,429.0
1646413667,D,MIC,3.0
1646413667,D,RSSI,54.0
1646413668,E,Temperature,22.084999084472656
1646413668,E,Humidity,32.638999938964844
1646413668,E,Pressure,101611.0
1646413668,E,Gas,2353.08203125
1646413668,E,Accelerometer,0.0
1646413668,E,Light,3838.0
1646413668,E,MIC,3.0
1646413668,E,RSSI,58.0
1646413669,F,Temperature,21.7549991607666
1646413669,F,Humidity,33.095001220703125
1646413669,F,Pressure,101651.0
1646413669,F,Gas,716.1630249023438
1646413669,F,Accelerometer,0.0
1646413669,F,Light,170.0
1646413669,F,MIC,3.0
1646413669,F,RSSI,79.0
1646413670,C,Temperature,22.864999771118164
1646413670,C,Humidity,32.915000915527344
1646413670,C,Pressure,101627.0
1646413670,C,Gas,964.0130004882812
1646413670,C,Accelerometer,0.0
1646413670,C,Light,1237.0
1646413670,C,MIC,3.0
1646413670,C,RSSI,74.0
1646413672,G,Temperature,23.05500030517578
1646413672,G,Humidity,32.617000579833984
1646413672,G,Pressure,101636.0
1646413672,G,Gas,1348.2239990234375
1646413672,G,Accelerometer,0.0
1646413672,G,Light,1450.0
1646413672,G,MIC,3.0
1646413672,G,RSSI,70.0
1646413673,A,Temperature,22.815000534057607
1646413673,A,Humidity,33.214000701904304
1646413673,A,Pressure,101605.0
1646413673,A,Gas,1192.2349853515625
1646413673,A,Accelerometer,0.0
1646413673,A,Light,2187.0
1646413673,A,MIC,3.0
1646413673,A,RSSI,78.0
1646413674,B,Temperature,23.024999618530273
1646413674,B,Humidity,31.757999420166016
1646413674,B,Pressure,101562.0
1646413674,B,Gas,4229.63720703125
1646413674,B,Accelerometer,0.0
1646413674,B,Light,647.0
1646413674,B,MIC,3.0
1646413674,B,RSSI,91.0
1646413676,H,Temperature,23.90500068664551
1646413676,H,Humidity,28.26499938964844
1646413676,H,Pressure,101618.0
1646413676,H,Gas,4147.51318359375
1646413676,H,Accelerometer,0.0
1646413676,H,Light,3606.0
1646413676,H,MIC,3.0
1646413676,H,RSSI,91.0
1646413677,D,Temperature,21.94499969482422
1646413677,D,Humidity,33.080001831054695
1646413677,D,Pressure,101632.0
1646413677,D,Gas,2163.697998046875
1646413677,D,Accelerometer,0.0
1646413677,D,Light,423.0
1646413677,D,MIC,3.0
1646413677,D,RSSI,54.0
1646413678,E,Temperature,22.09499931335449
1646413678,E,Humidity,32.634998321533196
1646413678,E,Pressure,101614.0
1646413678,E,Gas,2357.85400390625
1646413678,E,Accelerometer,0.0
1646413678,E,Light,3824.0
1646413678,E,MIC,3.0
1646413678,E,RSSI,58.0
1646413679,F,Temperature,21.7549991607666
1646413679,F,Humidity,33.10300064086914
1646413679,F,Pressure,101649.0
1646413679,F,Gas,706.5479736328125
1646413679,F,Accelerometer,0.0
1646413679,F,Light,169.0
1646413679,F,MIC,3.0
1646413679,F,RSSI,79.0
1646413680,C,Temperature,22.864999771118164
1646413680,C,Humidity,32.929000854492195
1646413680,C,Pressure,101627.0
1646413680,C,Gas,951.3259887695312
1646413680,C,Accelerometer,0.0
1646413680,C,Light,1239.0
1646413680,C,MIC,3.0
1646413680,C,RSSI,74.0
1646413681,G,Temperature,23.05500030517578
1646413681,G,Humidity,32.60699844360352
1646413681,G,Pressure,101636.0
1646413681,G,Gas,1329.1209716796875
1646413681,G,Accelerometer,0.0
1646413681,G,Light,1451.0
1646413681,G,MIC,3.0
1646413681,G,RSSI,70.0
1646413683,A,Temperature,22.82500076293945
1646413683,A,Humidity,33.19699859619141
1646413683,A,Pressure,101609.0
1646413683,A,Gas,1192.14599609375
1646413683,A,Accelerometer,0.0
1646413683,A,Light,2193.0
1646413683,A,MIC,3.0
1646413683,A,RSSI,78.0
1646413684,B,Temperature,23.03499984741211
1646413684,B,Humidity,31.72400093078613
1646413684,B,Pressure,101562.0
1646413684,B,Gas,4212.958984375
1646413684,B,Accelerometer,0.0
1646413684,B,Light,650.0
1646413684,B,MIC,3.0
1646413684,B,RSSI,91.0
1646413686,H,Temperature,23.895000457763672
1646413686,H,Humidity,28.28199958801269
1646413686,H,Pressure,101622.0
1646413686,H,Gas,4147.5849609375
1646413686,H,Accelerometer,0.0
1646413686,H,Light,3614.0
1646413686,H,MIC,3.0
1646413686,H,RSSI,91.0
1646413687,D,Temperature,21.95499992370605
1646413687,D,Humidity,33.05500030517578
1646413687,D,Pressure,101634.0
1646413687,D,Gas,2153.462890625
1646413687,D,Accelerometer,0.0
1646413687,D,Light,412.0
1646413687,D,MIC,3.0
1646413687,D,RSSI,54.0
1646413688,E,Temperature,22.075000762939453
1646413688,E,Humidity,32.64699935913086
1646413688,E,Pressure,101612.0
1646413688,E,Gas,2357.881103515625
1646413688,E,Accelerometer,0.0
1646413688,E,Light,3835.0
1646413688,E,MIC,3.0
1646413688,E,RSSI,58.0
1646413689,F,Temperature,21.7549991607666
1646413689,F,Humidity,33.082000732421875
1646413689,F,Pressure,101651.0
1646413689,F,Gas,702.5460205078125
1646413689,F,Accelerometer,0.0
1646413689,F,Light,168.0
1646413689,F,MIC,3.0
1646413689,F,RSSI,77.0
1646413690,C,Temperature,22.854999542236328
1646413690,C,Humidity,32.94499969482422
1646413690,C,Pressure,101629.0
1646413690,C,Gas,950.14697265625
1646413690,C,Accelerometer,0.0
1646413690,C,Light,1233.0
1646413690,C,MIC,3.0
1646413690,C,RSSI,74.0
1646413692,G,Temperature,23.05500030517578
1646413692,G,Humidity,32.60900115966797
1646413692,G,Pressure,101632.0
1646413692,G,Gas,1315.365966796875
1646413692,G,Accelerometer,0.0
1646413692,G,Light,1454.0
1646413692,G,MIC,3.0
1646413692,G,RSSI,70.0
1646413693,A,Temperature,22.815000534057607
1646413693,A,Humidity,33.22800064086914
1646413693,A,Pressure,101605.0
1646413693,A,Gas,1180.7320556640625
1646413693,A,Accelerometer,0.0
1646413693,A,Light,2183.0
1646413693,A,MIC,3.0
1646413693,A,RSSI,78.0
1646413694,B,Temperature,23.03499984741211
1646413694,B,Humidity,31.738000869750977
1646413694,B,Pressure,101562.0
1646413694,B,Gas,4203.509765625
1646413694,B,Accelerometer,0.0
1646413694,B,Light,650.0
1646413694,B,MIC,3.0
1646413694,B,RSSI,91.0
1646413696,H,Temperature,23.875
1646413696,H,Humidity,28.444000244140625
1646413696,H,Pressure,101620.0
1646413696,H,Gas,4147.7841796875
1646413696,H,Accelerometer,0.0
1646413696,H,Light,3600.0
1646413696,H,MIC,3.0
1646413696,H,RSSI,79.0
1646413698,D,Temperature,21.95499992370605
1646413698,D,Humidity,33.04199981689453
1646413698,D,Pressure,101634.0
1646413698,D,Gas,2135.444091796875
1646413698,D,Accelerometer,0.0
1646413698,D,Light,402.0
1646413698,D,MIC,3.0
1646413698,D,RSSI,54.0
1646413698,E,Temperature,22.084999084472656
1646413698,E,Humidity,32.62099838256836
1646413698,E,Pressure,101609.0
1646413698,E,Gas,2340.4169921875
1646413698,E,Accelerometer,0.0
1646413698,E,Light,3828.0
1646413698,E,MIC,3.0
1646413698,E,RSSI,58.0
1646413699,F,Temperature,21.7549991607666
1646413699,F,Humidity,33.0989990234375
1646413699,F,Pressure,101647.0
1646413699,F,Gas,693.385009765625
1646413699,F,Accelerometer,0.0
1646413699,F,Light,165.0
1646413699,F,MIC,3.0
1646413699,F,RSSI,77.0
1646413699,C,Temperature,22.84499931335449
1646413699,C,Humidity,32.928001403808594
1646413699,C,Pressure,101625.0
1646413699,C,Gas,941.31201171875
1646413699,C,Accelerometer,0.0
1646413699,C,Light,1234.0
1646413699,C,MIC,3.0
1646413699,C,RSSI,74.0
1646413702,G,Temperature,23.05500030517578
1646413702,G,Humidity,32.615001678466804
1646413702,G,Pressure,101634.0
1646413702,G,Gas,1309.0050048828125
1646413702,G,Accelerometer,0.0
1646413702,G,Light,1444.0
1646413702,G,MIC,3.0
1646413702,G,RSSI,70.0
1646413703,A,Temperature,22.815000534057607
1646413703,A,Humidity,33.22900009155273
1646413703,A,Pressure,101605.0
1646413703,A,Gas,1169.60595703125
1646413703,A,Accelerometer,0.0
1646413703,A,Light,2183.0
1646413703,A,MIC,3.0
1646413703,A,RSSI,82.0
1646413705,B,Temperature,23.03499984741211
1646413705,B,Humidity,31.709999084472656
1646413705,B,Pressure,101564.0
1646413705,B,Gas,4196.00390625
1646413705,B,Accelerometer,0.0
1646413705,B,Light,648.0
1646413705,B,MIC,3.0
1646413705,B,RSSI,91.0
1646413706,H,Temperature,23.88500022888184
1646413706,H,Humidity,28.483999252319336
1646413706,H,Pressure,101618.0
1646413706,H,Gas,4160.4267578125
1646413706,H,Accelerometer,0.0
1646413706,H,Light,3614.0
1646413706,H,MIC,3.0
1646413706,H,RSSI,79.0
1646413707,D,Temperature,21.95499992370605
1646413707,D,Humidity,33.02899932861328
1646413707,D,Pressure,101634.0
1646413707,D,Gas,2131.80810546875
1646413707,D,Accelerometer,0.0
1646413707,D,Light,393.0
1646413707,D,MIC,3.0
1646413707,D,RSSI,57.0
1646413708,E,Temperature,22.084999084472656
1646413708,E,Humidity,32.60400009155273
1646413708,E,Pressure,101611.0
1646413708,E,Gas,2328.173095703125
1646413708,E,Accelerometer,0.0
1646413708,E,Light,3828.0
1646413708,E,MIC,3.0
1646413708,E,RSSI,61.0
1646413709,F,Temperature,21.7549991607666
1646413709,F,Humidity,33.09400177001953
1646413709,F,Pressure,101647.0
1646413709,F,Gas,688.1539916992188
1646413709,F,Accelerometer,0.0
1646413709,F,Light,163.0
1646413709,F,MIC,3.0
1646413709,F,RSSI,77.0
1646413709,C,Temperature,22.854999542236328
1646413709,C,Humidity,32.924999237060554
1646413709,C,Pressure,101629.0
1646413709,C,Gas,927.5349731445312
1646413709,C,Accelerometer,0.0
1646413709,C,Light,1229.0
1646413709,C,MIC,3.0
1646413709,C,RSSI,74.0
1646413711,G,Temperature,23.05500030517578
1646413711,G,Humidity,32.58100128173828
1646413711,G,Pressure,101634.0
1646413711,G,Gas,1292.864013671875
1646413711,G,Accelerometer,0.0
1646413711,G,Light,1456.0
1646413711,G,MIC,3.0
1646413711,G,RSSI,70.0
1646413713,A,Temperature,22.815000534057607
1646413713,A,Humidity,33.20600128173828
1646413713,A,Pressure,101605.0
1646413713,A,Gas,1141.7239990234375
1646413713,A,Accelerometer,0.0
1646413713,A,Light,2187.0
1646413713,A,MIC,3.0
1646413713,A,RSSI,82.0
1646413715,B,Temperature,23.03499984741211
1646413715,B,Humidity,31.70400047302246
1646413715,B,Pressure,101562.0
1646413715,B,Gas,4186.787109375
1646413715,B,Accelerometer,0.0
1646413715,B,Light,651.0
1646413715,B,MIC,3.0
1646413715,B,RSSI,91.0
1646413716,H,Temperature,23.895000457763672
1646413716,H,Humidity,28.47100067138672
1646413716,H,Pressure,101620.0
1646413716,H,Gas,4175.173828125
1646413716,H,Accelerometer,0.0
1646413716,H,Light,3618.0
1646413716,H,MIC,3.0
1646413716,H,RSSI,79.0
1646413717,D,Temperature,21.94499969482422
1646413717,D,Humidity,33.054000854492195
1646413717,D,Pressure,101632.0
1646413717,D,Gas,2101.157958984375
1646413717,D,Accelerometer,0.0
1646413717,D,Light,384.0
1646413717,D,MIC,3.0
1646413717,D,RSSI,57.0
1646413718,E,Temperature,22.084999084472656
1646413718,E,Humidity,32.61199951171875
1646413718,E,Pressure,101611.0
1646413718,E,Gas,2310.797119140625
1646413718,E,Accelerometer,0.0
1646413718,E,Light,3822.0
1646413718,E,MIC,3.0
1646413718,E,RSSI,61.0
1646413719,F,Temperature,21.7450008392334
1646413719,F,Humidity,33.110000610351555
1646413719,F,Pressure,101649.0
1646413719,F,Gas,688.0980224609375
1646413719,F,Accelerometer,0.0
1646413719,F,Light,162.0
1646413719,F,MIC,3.0
1646413719,F,RSSI,77.0
1646413719,C,Temperature,22.864999771118164
1646413719,C,Humidity,32.928001403808594
1646413719,C,Pressure,101627.0
1646413719,C,Gas,923.7429809570312
1646413719,C,Accelerometer,0.0
1646413719,C,Light,1227.0
1646413719,C,MIC,3.0
1646413719,C,RSSI,74.0
1646413721,G,Temperature,23.05500030517578
1646413721,G,Humidity,32.58300018310547
1646413721,G,Pressure,101634.0
1646413721,G,Gas,1284.72705078125
1646413721,G,Accelerometer,0.0
1646413721,G,Light,1454.0
1646413721,G,MIC,3.0
1646413721,G,RSSI,70.0
1646413723,A,Temperature,22.82500076293945
1646413723,A,Humidity,33.209999084472656
1646413723,A,Pressure,101607.0
1646413723,A,Gas,1154.427978515625
1646413723,A,Accelerometer,0.0
1646413723,A,Light,2182.0
1646413723,A,MIC,3.0
1646413723,A,RSSI,82.0
1646413724,B,Temperature,23.05500030517578
1646413724,B,Humidity,31.67300033569336
1646413724,B,Pressure,101573.0
1646413724,B,Gas,4170.2138671875
1646413724,B,Accelerometer,0.0
1646413724,B,Light,651.0
1646413724,B,MIC,3.0
1646413724,B,RSSI,91.0
1646413725,H,Temperature,23.90500068664551
1646413725,H,Humidity,28.44599914550781
1646413725,H,Pressure,101620.0
1646413725,H,Gas,4185.3701171875
1646413725,H,Accelerometer,0.0
1646413725,H,Light,3613.0
1646413725,H,MIC,3.0
1646413725,H,RSSI,79.0
1646413728,D,Temperature,21.94499969482422
1646413728,D,Humidity,33.036998748779304
1646413728,D,Pressure,101634.0
1646413728,D,Gas,2095.887939453125
1646413728,D,Accelerometer,0.0
1646413728,D,Light,380.0
1646413728,D,MIC,3.0
1646413728,D,RSSI,57.0
1646413728,E,Temperature,22.084999084472656
1646413728,E,Humidity,32.60499954223633
1646413728,E,Pressure,101611.0
1646413728,E,Gas,2292.98388671875
1646413728,E,Accelerometer,0.0
1646413728,E,Light,3824.0
1646413728,E,MIC,3.0
1646413728,E,RSSI,61.0
1646413729,F,Temperature,21.7549991607666
1646413729,F,Humidity,33.090999603271484
1646413729,F,Pressure,101645.0
1646413729,F,Gas,693.406982421875
1646413729,F,Accelerometer,0.0
1646413729,F,Light,159.0
1646413729,F,MIC,3.0
1646413729,F,RSSI,77.0
1646413730,C,Temperature,22.864999771118164
1646413730,C,Humidity,32.910999298095696
1646413730,C,Pressure,101627.0
1646413730,C,Gas,924.1690063476562
1646413730,C,Accelerometer,0.0
1646413730,C,Light,1222.0
1646413730,C,MIC,3.0
1646413730,C,RSSI,66.0
1646413732,G,Temperature,23.045000076293945
1646413732,G,Humidity,32.60300064086914
1646413732,G,Pressure,101634.0
1646413732,G,Gas,1257.2490234375
1646413732,G,Accelerometer,0.0
1646413732,G,Light,1458.0
1646413732,G,MIC,3.0
1646413732,G,RSSI,70.0
1646413733,B,Temperature,23.065000534057607
1646413733,B,Humidity,31.62299919128418
1646413733,B,Pressure,101564.0
1646413733,B,Gas,4144.56298828125
1646413733,B,Accelerometer,0.0
1646413733,B,Light,646.0
1646413733,B,MIC,3.0
1646413733,B,RSSI,94.0
1646413735,A,Temperature,22.815000534057607
1646413735,A,Humidity,33.24499893188477
1646413735,A,Pressure,101605.0
1646413735,A,Gas,1151.5770263671875
1646413735,A,Accelerometer,0.0
1646413735,A,Light,2183.0
1646413735,A,MIC,3.0
1646413735,A,RSSI,82.0
1646413736,H,Temperature,23.915000915527344
1646413736,H,Humidity,28.44899940490723
1646413736,H,Pressure,101618.0
1646413736,H,Gas,4208.60302734375
1646413736,H,Accelerometer,0.0
1646413736,H,Light,3616.0
1646413736,H,MIC,3.0
1646413736,H,RSSI,79.0
1646413737,D,Temperature,21.94499969482422
1646413737,D,Humidity,33.03900146484375
1646413737,D,Pressure,101634.0
1646413737,D,Gas,2076.580078125
1646413737,D,Accelerometer,0.0
1646413737,D,Light,379.0
1646413737,D,MIC,3.0
1646413737,D,RSSI,57.0
1646413738,E,Temperature,22.084999084472656
1646413738,E,Humidity,32.602001190185554
1646413738,E,Pressure,101611.0
1646413738,E,Gas,2286.424072265625
1646413738,E,Accelerometer,0.0
1646413738,E,Light,3817.0
1646413738,E,MIC,3.0
1646413738,E,RSSI,61.0
1646413740,F,Temperature,21.7549991607666
1646413740,F,Humidity,33.08700180053711
1646413740,F,Pressure,101649.0
1646413740,F,Gas,686.0780029296875
1646413740,F,Accelerometer,0.0
1646413740,F,Light,158.0
1646413740,F,MIC,3.0
1646413740,F,RSSI,78.0
1646413740,C,Temperature,22.854999542236328
1646413740,C,Humidity,32.94499969482422
1646413740,C,Pressure,101627.0
1646413740,C,Gas,918.0139770507812
1646413740,C,Accelerometer,0.0
1646413740,C,Light,1218.0
1646413740,C,MIC,3.0
1646413740,C,RSSI,66.0
1646413742,G,Temperature,23.05500030517578
1646413742,G,Humidity,32.58300018310547
1646413742,G,Pressure,101636.0
1646413742,G,Gas,1259.1529541015625
1646413742,G,Accelerometer,0.0
1646413742,G,Light,1447.0
1646413742,G,MIC,3.0
1646413742,G,RSSI,70.0
1646413743,A,Temperature,22.82500076293945
1646413743,A,Humidity,33.22100067138672
1646413743,A,Pressure,101609.0
1646413743,A,Gas,1151.300048828125
1646413743,A,Accelerometer,0.0
1646413743,A,Light,2195.0
1646413743,A,MIC,3.0
1646413743,A,RSSI,82.0
1646413744,B,Temperature,23.07500076293945
1646413744,B,Humidity,31.62700080871582
1646413744,B,Pressure,101564.0
1646413744,B,Gas,4122.2939453125
1646413744,B,Accelerometer,0.0
1646413744,B,Light,647.0
1646413744,B,MIC,3.0
1646413744,B,RSSI,94.0
1646413746,H,Temperature,23.92499923706055
1646413746,H,Humidity,28.43099975585937
1646413746,H,Pressure,101618.0
1646413746,H,Gas,4221.63818359375
1646413746,H,Accelerometer,0.0
1646413746,H,Light,3584.0
1646413746,H,MIC,3.0
1646413746,H,RSSI,93.0
1646413747,D,Temperature,21.934999465942386
1646413747,D,Humidity,33.053001403808594
1646413747,D,Pressure,101636.0
1646413747,D,Gas,2062.924072265625
1646413747,D,Accelerometer,0.0
1646413747,D,Light,376.0
1646413747,D,MIC,3.0
1646413747,D,RSSI,57.0
1646413748,E,Temperature,22.084999084472656
1646413748,E,Humidity,32.601001739501946
1646413748,E,Pressure,101614.0
1646413748,E,Gas,2290.680908203125
1646413748,E,Accelerometer,0.0
1646413748,E,Light,3791.0
1646413748,E,MIC,3.0
1646413748,E,RSSI,61.0
1646413749,F,Temperature,21.7450008392334
1646413749,F,Humidity,33.09199905395508
1646413749,F,Pressure,101651.0
1646413749,F,Gas,692.5980224609375
1646413749,F,Accelerometer,0.0
1646413749,F,Light,156.0
1646413749,F,MIC,3.0
1646413749,F,RSSI,78.0
1646413749,C,Temperature,22.875
1646413749,C,Humidity,32.919998168945305
1646413749,C,Pressure,101627.0
1646413749,C,Gas,914.6259765625
1646413749,C,Accelerometer,0.0
1646413749,C,Light,1207.0
1646413749,C,MIC,3.0
1646413749,C,RSSI,66.0
1646413753,G,Temperature,23.03499984741211
1646413753,G,Humidity,32.62900161743164
1646413753,G,Pressure,101636.0
1646413753,G,Gas,1263.2049560546875
1646413753,G,Accelerometer,0.0
1646413753,G,Light,1443.0
1646413753,G,MIC,3.0
1646413753,G,RSSI,76.0
1646413754,A,Temperature,22.815000534057607
1646413754,A,Humidity,33.24399948120117
1646413754,A,Pressure,101609.0
1646413754,A,Gas,1144.4530029296875
1646413754,A,Accelerometer,0.0
1646413754,A,Light,2180.0
1646413754,A,MIC,3.0
1646413754,A,RSSI,78.0
1646413755,B,Temperature,23.05500030517578
1646413755,B,Humidity,31.66399955749512
1646413755,B,Pressure,101573.0
1646413755,B,Gas,4114.10107421875
1646413755,B,Accelerometer,0.0
1646413755,B,Light,643.0
1646413755,B,MIC,3.0
1646413755,B,RSSI,94.0
1646413756,H,Temperature,23.94499969482422
1646413756,H,Humidity,28.382999420166016
1646413756,H,Pressure,101620.0
1646413756,H,Gas,4209.953125
1646413756,H,Accelerometer,0.0
1646413756,H,Light,3579.0
1646413756,H,MIC,3.0
1646413756,H,RSSI,93.0
1646413757,D,Temperature,21.934999465942386
1646413757,D,Humidity,33.04399871826172
1646413757,D,Pressure,101634.0
1646413757,D,Gas,2056.452880859375
1646413757,D,Accelerometer,0.0
1646413757,D,Light,373.0
1646413757,D,MIC,3.0
1646413757,D,RSSI,54.0
1646413758,E,Temperature,22.09499931335449
1646413758,E,Humidity,32.584999084472656
1646413758,E,Pressure,101614.0
1646413758,E,Gas,2287.951904296875
1646413758,E,Accelerometer,0.0
1646413758,E,Light,3785.0
1646413758,E,MIC,3.0
1646413758,E,RSSI,61.0
1646413759,F,Temperature,21.7450008392334
1646413759,F,Humidity,33.069000244140625
1646413759,F,Pressure,101649.0
1646413759,F,Gas,666.8200073242188
1646413759,F,Accelerometer,0.0
1646413759,F,Light,154.0
1646413759,F,MIC,3.0
1646413759,F,RSSI,78.0
1646413759,C,Temperature,22.84499931335449
1646413759,C,Humidity,32.9010009765625
1646413759,C,Pressure,101625.0
1646413759,C,Gas,910.5070190429688
1646413759,C,Accelerometer,0.0
1646413759,C,Light,1209.0
1646413759,C,MIC,3.0
1646413759,C,RSSI,66.0
1646413761,G,Temperature,23.03499984741211
1646413761,G,Humidity,32.60400009155273
1646413761,G,Pressure,101636.0
1646413761,G,Gas,1260.60302734375
1646413761,G,Accelerometer,0.0
1646413761,G,Light,1437.0
1646413761,G,MIC,3.0
1646413761,G,RSSI,76.0
1646413764,A,Temperature,22.82500076293945
1646413764,A,Humidity,33.20800018310547
1646413764,A,Pressure,101611.0
1646413764,A,Gas,1140.7550048828125
1646413764,A,Accelerometer,0.0
1646413764,A,Light,2181.0
1646413764,A,MIC,3.0
1646413764,A,RSSI,78.0
1646413766,H,Temperature,23.95499992370605
1646413766,H,Humidity,28.35099983215332
1646413766,H,Pressure,101616.0
1646413766,H,Gas,4206.787109375
1646413766,H,Accelerometer,0.0
1646413766,H,Light,3578.0
1646413766,H,MIC,3.0
1646413766,H,RSSI,93.0
1646413766,B,Temperature,23.05500030517578
1646413766,B,Humidity,31.660999298095703
1646413766,B,Pressure,101573.0
1646413766,B,Gas,4108.22314453125
1646413766,B,Accelerometer,0.0
1646413766,B,Light,641.0
1646413766,B,MIC,3.0
1646413766,B,RSSI,94.0
1646413767,D,Temperature,21.934999465942386
1646413767,D,Humidity,33.048999786376946
1646413767,D,Pressure,101636.0
1646413767,D,Gas,2058.35205078125
1646413767,D,Accelerometer,0.0
1646413767,D,Light,366.0
1646413767,D,MIC,3.0
1646413767,D,RSSI,54.0
1646413768,E,Temperature,22.09499931335449
1646413768,E,Humidity,32.64400100708008
1646413768,E,Pressure,101611.0
1646413768,E,Gas,2320.16796875
1646413768,E,Accelerometer,0.0
1646413768,E,Light,3790.0
1646413768,E,MIC,3.0
1646413768,E,RSSI,59.0
1646413769,F,Temperature,21.7450008392334
1646413769,F,Humidity,33.09400177001953
1646413769,F,Pressure,101651.0
1646413769,F,Gas,666.6699829101562
1646413769,F,Accelerometer,0.0
1646413769,F,Light,151.0
1646413769,F,MIC,3.0
1646413769,F,RSSI,78.0
1646413770,C,Temperature,22.84499931335449
1646413770,C,Humidity,32.9010009765625
1646413770,C,Pressure,101623.0
1646413770,C,Gas,895.8159790039062
1646413770,C,Accelerometer,0.0
1646413770,C,Light,1203.0
1646413770,C,MIC,3.0
1646413770,C,RSSI,66.0
1646413771,G,Temperature,23.03499984741211
1646413771,G,Humidity,32.610000610351555
1646413771,G,Pressure,101634.0
1646413771,G,Gas,1242.3809814453125
1646413771,G,Accelerometer,0.0
1646413771,G,Light,1443.0
1646413771,G,MIC,3.0
1646413771,G,RSSI,76.0
1646413774,A,Temperature,22.815000534057607
1646413774,A,Humidity,33.21200180053711
1646413774,A,Pressure,101605.0
1646413774,A,Gas,1136.3709716796875
1646413774,A,Accelerometer,0.0
1646413774,A,Light,2176.0
1646413774,A,MIC,3.0
1646413774,A,RSSI,78.0
1646413775,B,Temperature,23.065000534057607
1646413775,B,Humidity,31.64299964904785
1646413775,B,Pressure,101573.0
1646413775,B,Gas,4104.6689453125
1646413775,B,Accelerometer,0.0
1646413775,B,Light,637.0
1646413775,B,MIC,3.0
1646413775,B,RSSI,94.0
1646413776,H,Temperature,23.95499992370605
1646413776,H,Humidity,28.31100082397461
1646413776,H,Pressure,101618.0
1646413776,H,Gas,4197.14990234375
1646413776,H,Accelerometer,0.0
1646413776,H,Light,3581.0
1646413776,H,MIC,3.0
1646413776,H,RSSI,93.0
1646413777,D,Temperature,21.924999237060547
1646413777,D,Humidity,33.05500030517578
1646413777,D,Pressure,101636.0
1646413777,D,Gas,2035.47998046875
1646413777,D,Accelerometer,0.0
1646413777,D,Light,358.0
1646413777,D,MIC,3.0
1646413777,D,RSSI,54.0
1646413778,E,Temperature,22.09499931335449
1646413778,E,Humidity,32.601001739501946
1646413778,E,Pressure,101612.0
1646413778,E,Gas,2320.235107421875
1646413778,E,Accelerometer,0.0
1646413778,E,Light,3787.0
1646413778,E,MIC,3.0
1646413778,E,RSSI,59.0
1646413779,F,Temperature,21.7450008392334
1646413779,F,Humidity,33.07400131225586
1646413779,F,Pressure,101649.0
1646413779,F,Gas,664.77001953125
1646413779,F,Accelerometer,0.0
1646413779,F,Light,149.0
1646413779,F,MIC,3.0
1646413779,F,RSSI,78.0
1646413779,C,Temperature,22.84499931335449
1646413779,C,Humidity,32.924999237060554
1646413779,C,Pressure,101623.0
1646413779,C,Gas,895.77197265625
1646413779,C,Accelerometer,0.0
1646413779,C,Light,1200.0
1646413779,C,MIC,3.0
1646413779,C,RSSI,75.0
1646413782,G,Temperature,23.045000076293945
1646413782,G,Humidity,32.60499954223633
1646413782,G,Pressure,101632.0
1646413782,G,Gas,1239.718017578125
1646413782,G,Accelerometer,0.0
1646413782,G,Light,1442.0
1646413782,G,MIC,3.0
1646413782,G,RSSI,76.0
1646413784,A,Temperature,22.82500076293945
1646413784,A,Humidity,33.20800018310547
1646413784,A,Pressure,101609.0
1646413784,A,Gas,1141.1090087890625
1646413784,A,Accelerometer,0.0
1646413784,A,Light,2181.0
1646413784,A,MIC,3.0
1646413784,A,RSSI,78.0
1646413785,B,Temperature,23.05500030517578
1646413785,B,Humidity,31.64299964904785
1646413785,B,Pressure,101573.0
1646413785,B,Gas,4089.529052734375
1646413785,B,Accelerometer,0.0
1646413785,B,Light,631.0
1646413785,B,MIC,3.0
1646413785,B,RSSI,84.0
1646413786,H,Temperature,23.96500015258789
1646413786,H,Humidity,28.2549991607666
1646413786,H,Pressure,101618.0
1646413786,H,Gas,4175.412109375
1646413786,H,Accelerometer,0.0
1646413786,H,Light,3581.0
1646413786,H,MIC,3.0
1646413786,H,RSSI,93.0
1646413788,D,Temperature,21.934999465942386
1646413788,D,Humidity,33.03200149536133
1646413788,D,Pressure,101636.0
1646413788,D,Gas,2017.333984375
1646413788,D,Accelerometer,0.0
1646413788,D,Light,352.0
1646413788,D,MIC,3.0
1646413788,D,RSSI,54.0
1646413788,E,Temperature,22.09499931335449
1646413788,E,Humidity,32.562999725341804
1646413788,E,Pressure,101614.0
1646413788,E,Gas,2310.33203125
1646413788,E,Accelerometer,0.0
1646413788,E,Light,3784.0
1646413788,E,MIC,3.0
1646413788,E,RSSI,59.0
1646413790,F,Temperature,21.7450008392334
1646413790,F,Humidity,33.089000701904304
1646413790,F,Pressure,101651.0
1646413790,F,Gas,661.4000244140625
1646413790,F,Accelerometer,0.0
1646413790,F,Light,148.0
1646413790,F,MIC,3.0
1646413790,F,RSSI,79.0
1646413790,C,Temperature,22.834999084472656
1646413790,C,Humidity,32.942001342773445
1646413790,C,Pressure,101627.0
1646413790,C,Gas,882.9580078125
1646413790,C,Accelerometer,0.0
1646413790,C,Light,1196.0
1646413790,C,MIC,3.0
1646413790,C,RSSI,75.0
1646413792,G,Temperature,23.03499984741211
1646413792,G,Humidity,32.60499954223633
1646413792,G,Pressure,101632.0
1646413792,G,Gas,1244.240966796875
1646413792,G,Accelerometer,0.0
1646413792,G,Light,1438.0
1646413792,G,MIC,3.0
1646413792,G,RSSI,76.0
1646413793,A,Temperature,22.82500076293945
1646413793,A,Humidity,33.19300079345703
1646413793,A,Pressure,101609.0
1646413793,A,Gas,1148.282958984375
1646413793,A,Accelerometer,0.0
1646413793,A,Light,2175.0
1646413793,A,MIC,3.0
1646413793,A,RSSI,78.0
1646413794,B,Temperature,23.05500030517578
1646413794,B,Humidity,31.658000946044922
1646413794,B,Pressure,101562.0
1646413794,B,Gas,4070.714111328125
1646413794,B,Accelerometer,0.0
1646413794,B,Light,644.0
1646413794,B,MIC,3.0
1646413794,B,RSSI,84.0
1646413797,H,Temperature,23.97500038146973
1646413797,H,Humidity,28.23500061035156
1646413797,H,Pressure,101620.0
1646413797,H,Gas,4161.1689453125
1646413797,H,Accelerometer,0.0
1646413797,H,Light,3575.0
1646413797,H,MIC,3.0
1646413797,H,RSSI,90.0
1646413797,D,Temperature,21.924999237060547
1646413797,D,Humidity,33.03400039672852
1646413797,D,Pressure,101636.0
1646413797,D,Gas,2022.133056640625
1646413797,D,Accelerometer,0.0
1646413797,D,Light,348.0
1646413797,D,MIC,3.0
1646413797,D,RSSI,54.0
1646413798,E,Temperature,22.09499931335449
1646413798,E,Humidity,32.54199981689453
1646413798,E,Pressure,101612.0
1646413798,E,Gas,2305.764892578125
1646413798,E,Accelerometer,0.0
1646413798,E,Light,3786.0
1646413798,E,MIC,3.0
1646413798,E,RSSI,59.0
1646413799,F,Temperature,21.7450008392334
1646413799,F,Humidity,33.066001892089844
1646413799,F,Pressure,101651.0
1646413799,F,Gas,664.9520263671875
1646413799,F,Accelerometer,0.0
1646413799,F,Light,146.0
1646413799,F,MIC,3.0
1646413799,F,RSSI,79.0
1646413799,C,Temperature,22.834999084472656
1646413799,C,Humidity,32.898998260498054
1646413799,C,Pressure,101625.0
1646413799,C,Gas,884.1480102539062
1646413799,C,Accelerometer,0.0
1646413799,C,Light,1200.0
1646413799,C,MIC,3.0
1646413799,C,RSSI,75.0
1646413802,G,Temperature,23.03499984741211
1646413802,G,Humidity,32.63800048828125
1646413802,G,Pressure,101634.0
1646413802,G,Gas,1247.251953125
1646413802,G,Accelerometer,0.0
1646413802,G,Light,1444.0
1646413802,G,MIC,3.0
1646413802,G,RSSI,74.0
1646413804,A,Temperature,22.815000534057607
1646413804,A,Humidity,33.226001739501946
1646413804,A,Pressure,101605.0
1646413804,A,Gas,1139.4539794921875
1646413804,A,Accelerometer,0.0
1646413804,A,Light,2183.0
1646413804,A,MIC,3.0
1646413804,A,RSSI,81.0
1646413805,B,Temperature,23.05500030517578
1646413805,B,Humidity,31.66399955749512
1646413805,B,Pressure,101573.0
1646413805,B,Gas,4076.23291015625
1646413805,B,Accelerometer,0.0
1646413805,B,Light,642.0
1646413805,B,MIC,3.0
1646413805,B,RSSI,84.0
1646413806,H,Temperature,23.97500038146973
1646413806,H,Humidity,28.226999282836914
1646413806,H,Pressure,101618.0
1646413806,H,Gas,4120.82080078125
1646413806,H,Accelerometer,0.0
1646413806,H,Light,3578.0
1646413806,H,MIC,3.0
1646413806,H,RSSI,90.0
1646413807,D,Temperature,21.924999237060547
1646413807,D,Humidity,33.01599884033203
1646413807,D,Pressure,101634.0
1646413807,D,Gas,2000.887939453125
1646413807,D,Accelerometer,0.0
1646413807,D,Light,341.0
1646413807,D,MIC,3.0
1646413807,D,RSSI,77.0
1646413808,E,Temperature,22.084999084472656
1646413808,E,Humidity,32.55199813842773
1646413808,E,Pressure,101609.0
1646413808,E,Gas,2301.1650390625
1646413808,E,Accelerometer,0.0
1646413808,E,Light,3779.0
1646413808,E,MIC,3.0
1646413808,E,RSSI,59.0
1646413809,F,Temperature,21.7450008392334
1646413809,F,Humidity,33.07699966430664
1646413809,F,Pressure,101653.0
1646413809,F,Gas,663.3779907226562
1646413809,F,Accelerometer,0.0
1646413809,F,Light,144.0
1646413809,F,MIC,3.0
1646413809,F,RSSI,79.0
1646413809,C,Temperature,22.834999084472656
1646413809,C,Humidity,32.898998260498054
1646413809,C,Pressure,101625.0
1646413809,C,Gas,877.4219970703125
1646413809,C,Accelerometer,0.0
1646413809,C,Light,1189.0
1646413809,C,MIC,3.0
1646413809,C,RSSI,75.0
1646413812,G,Temperature,23.03499984741211
1646413812,G,Humidity,32.667999267578125
1646413812,G,Pressure,101634.0
1646413812,G,Gas,1256.3740234375
1646413812,G,Accelerometer,0.0
1646413812,G,Light,1445.0
1646413812,G,MIC,3.0
1646413812,G,RSSI,74.0
1646413814,A,Temperature,22.82500076293945
1646413814,A,Humidity,33.23099899291992
1646413814,A,Pressure,101611.0
1646413814,A,Gas,1140.0799560546875
1646413814,A,Accelerometer,0.0
1646413814,A,Light,2186.0
1646413814,A,MIC,3.0
1646413814,A,RSSI,81.0
1646413816,H,Temperature,23.96500015258789
1646413816,H,Humidity,28.19899940490723
1646413816,H,Pressure,101618.0
1646413816,H,Gas,4101.68505859375
1646413816,H,Accelerometer,0.0
1646413816,H,Light,3579.0
1646413816,H,MIC,3.0
1646413816,H,RSSI,90.0
